western_mediterrenean_area = { 
	1293 1294 1295 1296 1297 1298 1300 1301 1302 1303
	1304 1305 1307 6160 6147 6132 6105 6129 6122 6099
	6104 6088 6107 6103 6082 6090 6114 6081 6063 6077
	6115 6120 6125 6138 6146 6158 6149 6167 6177 6152
	6140 6131 6163 6144 6169 6173 6056 6064 6069 6040
	6041 6049 6051 6014 6043 6023 6024 6048 6003 5998
	5993 6012 6019 6009 5989 5966 5971 5972 5954 5956
	5947 5973 5986 5995 
}
eastern_mediterrenean_area = { 
	1308 1309 1310 1311 1312 1313 1314 1315 1316 1317
	1319 1320 1932 6199 6189 6186 6200 6183 6181 6179
	6193 6205 6203 6185 6202 6180 6170 6171 6159 6154
	6211 6204 6214 6212 6213 6224 6221 6219 6236 6234
	6237 6244 6249 6255 6262 6268 6272 6263 6260 6252
	6251 6243 6232 6218 6227 6226 6235 6223 6233 6222
	6229 6275 6188 6190 6198 6240 
}
black_sea_area = { 
	1321 1322 1323 1324 6253 6248 6247 6241 6239 6246
	6250 6256 6261 6265 6271 6258 6257 6259 6274 6277
	6281 6283 6286 6291 6285 6287 6273 6276 
}
baltic_area = { 
	1252 1253 1254 1255 1256 1257 1926 1927 1928 6166
	6184 6182 6201 6208 6187 6197 6207 6228 6209 6194
	6206 6217 
}
kattegat_area = { 
	1258 1259 1267 
}
north_sea_area = { 
	1266 1268 1269 1270 1279 1280 1281 1282 1975 6017
	5999 5964 5957 6007 6045 6002 5988 6028 6018 6013
	6046 6060 6074 6085 6059 6033 
}
norwegian_sea_area = { 
	1265 1299 1473 1474 1475 1476 1929 5940 5962 5990
	6071 5923 5887 5859 5831 5850 5896 5867 5870 5845
	5840 5861 5812 5824 5864 5833 5901 5898 5903 5893
	5906 5930 5914 5946 5945 5961 5970 5941 6025 5983
	6031 6047 6067 6118 6039 6096 6016 5841 5855 5819
	5816 5883 5888 5879 5911 5913 5917 5904 5935 5939
	5936 5959 5955 5994 5985 6011 6001 6008 5982 6010
	6055 6036 6084 6130 6137 6153 6127 6092 6172 6191
	6161 6145 5978 6075 5822 5905 
}
white_sea_area = { 
	1263 1264 1652 2425 6309 6295 6267 6284 6264 6269
	6245 6230 6216 6175 6297 6292 6311 6318 6330 6325
	6345 6352 6353 2426 
}
red_sea_area = { 
	1328 1329 1330 4333 6672 6673 6661 6665 6657 6685
	6682 6304 
}
persian_gulf_area = { 
	1332 1334 1335 1336 4347 6725 6731 6738 6750 6767
	6758 6762 6783 6796 6338 6350 
}
arabian_sea_area = { 
	1331 1333 1337 1338 1339 1340 1446 1451 1452 1615
	4346 6698 6307 6715 6710 6719 6742 6317 6747 6319
	6754 6756 6772 6321 6768 6752 6785 6848 6880 6881
	6909 6377 6774 6757 6322 6316 6787 6329 6798 6334
	6808 6807 6817 6340 6810 6339 6820 6812 6826 6837
	6840 6354 6846 6355 6852 6849 6854 6832 6862 6360
	6867 6879 6874 6365 6877 6892 6900 6371 6859 
}
andaman_sea_area = { 
	1345 1347 1348 1349 7057 7041 7047 7025 7040 7027
	7043 7038 7030 7015 7010 7011 7006 7000 7004 7013
	7017 7009 6406 6995 
}
bay_of_bengal_area = { 
	1341 1342 1343 1344 1346 1611 1612 1613 1614 6913
	6378 6914 6380 6921 6916 6928 6385 6931 6384 6930
	6926 6382 6922 6929 6383 6923 6934 6938 6388 6386
	6939 6945 6943 6959 6998 6408 7014 6993 6404 7003
	6975 6991 6391 6957 6933 6997 6952 6989 6985 6407
	6405 
}
eastern_indian_ocean_area = { 
	1350 1351 1352 1353 1354 1420 1622 1623 1624 1641
	1642 1644 6834 6821 6809 6814 6819 6341 6349 6351
	6824 6346 6831 6830 6823 6344 6348 6827 6843 6844
	6842 6855 6864 6362 6869 6866 6858 6363 6366 6875
	6888 6876 6370 6893 6369 6887 6907 6376 6898 6899
	6372 6890 6885 6886 6878 6367 6872 6882 6897 6375
	6905 6883 6896 6891 6373 6901 6902 6903 6911 6908
	6904 6374 6910 6825 6845 6356 6357 6853 6860 6359
	6857 6871 6912 6918 6935 6944 6996 6974 6392 6960
	6953 6954 6393 6962 6967 6399 6968 6398 6979 6394
	6951 6961 6965 6984 6971 6948 6395 6964 6973 6400
	6981 6950 6389 6969 6970 6401 6983 6949 6940 6390
	6947 6972 6977 6397 6955 6986 6987 7028 7012 7002
	7019 7029 7031 7036 7007 7020 6990 7048 7045 7067
	7083 7084 7076 7109 7129 7115 7123 7116 6423 7125
	7137 6424 7161 7164 7188 6430 7213 7238 7236 7203
	7208 7198 7182 6432 7176 6429 7178 6425 7151 7142
	7157 7202 7191 7214 7227 7243 7285 7289 7325 7279
	6443 7225 6442 7235 7185 6435 7196 6426 7146 7139
	7106 7108 7079 7099 7101 7075 7092 7130 7122 7153
	7165 7169 7195 6433 7220 7189 7175 7156 7143 7119
	6422 7100 7093 7117 7073 7094 6418 7078 7062 6414
	7059 7044 7050 7023 6412 7032 7016 6409 7001 6342
	7035 6368 
}
western_indian_ocean_area = { 
	1450 1453 1454 1455 1616 1617 1618 1619 1620 1621
	1625 1626 1627 1628 1629 1630 6648 6649 6231 6651
	6655 6654 6667 6662 6681 6298 6691 6300 6675 6692
	6299 6668 6671 6677 6700 6303 6305 6678 6674 6680
	6696 6697 6690 6703 6699 6706 6712 6724 6743 6733
	6716 6735 6695 6745 6740 6773 6839 6797 6777 6326
	6782 6327 6781 6770 6760 6323 6771 6324 6764 6795
	6332 6803 6793 6333 6801 6813 6337 6336 6794 6818
	6343 6828 6850 6694 6702 6708 6701 6713 6707 6728
	6315 6718 6737 6727 6753 6759 6741 6751 6779 6775
	6806 6802 6792 6766 6335 6790 6302 6306 6312 8978
}
south_indian_ocean_area = { 
	1417 1418 1419 1632 1631 1633 1634 1636 1637 1638
	1639 1640 1643 1645 1646 1647 6704 6729 6722 6732
	6761 6789 6331 6804 6816 6838 6856 6865 6873 6895
	6906 6870 6835 6788 6755 6776 6744 6709 6763 6780
	6915 6927 6932 6920 6966 6396 6980 6976 6988 7005
	7026 7042 7022 7065 7054 7103 7033 6963 7097 7166
	6431 7186 7217 7209 7240 6438 6436 7210 7126 7181
	7148 7134 7102 7112 7096 7087 6420 7074 7063 6415
	7055 7053 6413 7049 7037 6410 7034 7018 6402 6999
	6994 6992 6978 6982 7024 7046 7056 6416 7051 7064
	7061 7068 7081 7082 7091 7070 7090 6956 6946 6917
	6937 6889 6925 6894 6364 6868 6361 6851 6847 6786
	6769 6749 6726 6313 6748 6778 6800 6811 6836 6833
	6805 6815 6791 6765 6328 6784 6308 6721 6320 6714
	6829 6347 6822 6799 6841 6358 6861 6379 6381 6919
	6387 6924 6936 6942 6941 6958 6403 7008 7021 6411
	7039 6417 7138 6421 7118 6419 7071 6440 
}
great_australian_bight_area = { 
	1413 1415 1414 1416 1422 1635 7183 7177 7224 7280
	6451 7286 7367 6460 7359 7309 7429 6467 7485 7549
	6487 7437 7404 7472 7477 7509 7524 7571 7607 7619
	7623 7672 7706 6509 7697 6535 6527 7732 7503 7638
	7438 7314 7599 
}
swahili_coast_sea_area = { 
	1447 1448 1449 1456 1457 1458 6653 6254 6652 6658
	6656 6266 6270 6659 6278 6660 6282 6666 6280 6664
	6279 6663 6669 6670 6676 6288 6688 6684 6294 6693
	6687 6683 6289 6679 6293 6689 6296 6705 6301 6310
	6720 6314 6723 6730 6746 6734 6739 6290 
}
south_china_sea_area = { 
	1361 1362 1363 1364 1365 1366 1367 1368 1369 1370
	1371 1393 1394 1395 7058 7052 7069 7077 7060 7072
	7086 7088 7098 7085 7089 7080 7095 7066 7105 7128
	7152 7150 7149 7114 7133 7110 7179 7170 7206 7215
	7205 7228 7223 7242 7261 7248 7266 7287 6447 7257
	7278 7277 7273 7281 6448 7296 7302 7311 7207 7283
	7239 7222 7192 7180 7171 7163 7162 7147 7141 7127
	7121 7113 7107 7120 7132 7136 7145 7144 7159 7131
	7158 7154 6427 7172 6428 7174 7190 7197 6439 7219
	7200 7194 6434 7184 7160 7173 7199 6437 7211 7193
	7218 7226 7232 7231 7230 7241 6441 7221 7253 7262
	7264 7256 7167 7204 7237 7275 6446 
}
celebes_sea_area = { 
	1359 1398 1399 1400 7357 7316 7338 7290 7249 7229
	7247 7246 7293 7365 7383 7384 7400 7443 7418 7410
	7464 7461 7489 7436 7456 7269 6445 7254 7245 7268
	7270 7344 6449 6455 7356 7315 7274 7301 7263 7416
	7395 7382 7377 7337 6453 7440 6468 7434 7433 7415
	7425 7403 7390 7391 7402 7414 7413 7374 7394 7473
	6472 7476 6477 
}
java_sea_area = { 
	1355 1358 1360 7124 7104 7111 7135 7155 7140 7187
	7168 7201 7212 7216 
}
east_china_sea_area = { 
	1372 1373 1374 1375 1389 1392 4233 4234 7332 7306
	7331 7376 7372 7392 7341 7387 7409 7431 7396 7378
	7255 7234 7252 7272 7294 7310 7334 7333 7319 7353
	6458 7393 6461 7426 7439 7354 7324 7292 7340 7295
	7330 7298 7323 7300 7291 7271 7303 7373 7368 7371
	7388 7420 
}
sea_of_japan_area = { 
	1376 1377 1378 1379 1386 1387 1388 1980 4225 4226
	7446 7422 7454 7445 6470 7459 7452 7465 7449 6465
	7430 6469 7451 7467 7462 7481 7494 7490 7469 7497
	6481 7517 6483 7529 7521 7505 6478 7488 7466 7484
	7499 1018 7516 7534 6486 7555 7580 7588 6494 7592
	7616 6497 7602 7587 7547 7522 7540 6480 7515 7614
	7581 7578 6492 7579 7567 7609 7643 7622 7655 7644
	7624 7661 7683 7718 7703 6515 7746 7731 7764 7774
	7804 7701 7710 7737 7831 6544 7877 6559 6553 7883
	7835 7859 7839 7806 7763 7812 7753 7715 1847 7659
	7687 6519 7738 7785 6522 7728 6524 7553 7656 7478
	7500 7511 7530 6537 
}
sea_of_okhotsk_area = { 
	1380 1381 1382 1383 1384 1385 1441 7658 7680 7668
	7629 7671 7640 7554 7620 7676 7667 7735 7733 7789
	7820 7744 7699 7743 7717 7752 7722 7756 7745 7793
	7777 7811 7850 7869 7842 6541 7870 7912 7916 7892
	7866 7800 7844 7784 7797 7827 7858 7876 7902 7915
	7935 7924 7981 7959 8050 7765 
}
berring_sea_area = { 
	1445 1562 1677 1678 1680 8643 8633 4962 8620 8603
	8575 8525 8489 8430 4947 8398 4945 4946 8534 8478
	8445 8436 8397 8505 8555 8564 8586 8562 4954 4958
	4960 4956 4957 4955 4951 4950 4942 4943 4949 8441
	8396 8488 8532 4953 4961 4944 8980 8981 8982 
}
tasman_sea_area = { 
	1421 1423 1424 1425 1426 1427 1428 1429 7792 7815
	7799 7791 7821 7854 6543 7868 7911 7914 7952 7956
	7986 7960 7988 7999 7964 7963 7996 8026 8006 8019
	8025 8047 8056 8070 8069 8093 8131 8172 8192 8280
	8283 8306 8315 8298 8327 8360 8381 8367 8355 6637
	8318 8346 8320 8342 8352 8372 8394 8364 8344 8333
	8321 8274 8268 8299 8232 8216 8198 6610 8167 8144
	8156 8126 8086 8092 8122 8077 8100 8087 8108 8134
	8073 8057 8024 8028 8048 8074 8009 7990 7989 8004
	8015 8018 8039 8000 8043 7992 7955 7898 7857 7864
	7848 7899 7945 7921 7973 7974 8032 8029 8075 8119
	8114 8111 8158 8113 8095 8031 8068 8071 8078 8103
	8137 8136 8143 8102 8140 8164 8187 8240 8236 8211
	8184 8204 8179 8165 8117 8118 8177 8210 8217 6614
	8225 6622 8243 8269 8265 8282 8303 8235 8209 8264
	8260 8263 8284 8293 8168 8228 6601 8258 8249 8304
	6632 8295 6633 8316 8272 8347 8387 8365 6642 8375
	8345 6644 8328 8286 8312 6643 8357 8356 8374 6645
	8386 8391 8392 8379 8370 8339 6638 8341 8351 8325
	6627 8278 8389 8311 8277 8049 8099 8132 8237 6616
	8390 8393 7975 6615 6606 6625 6634 6631 8373 6590
}
coral_sea_area = { 
	1405 1406 1407 1411 1412 6513 7875 6557 7882 7874
	7907 7919 6569 7946 7985 6571 8003 6579 8010 8027
	7998 8013 7977 7980 7934 7897 7846 7834 6517 7770
	7749 7730 7736 7689 7669 7729 6520 7748 7709 7773
	6528 7810 7813 7803 6536 7798 6529 7758 7782 7840
	7814 7837 7867 7885 6550 7903 7895 7928 7862 7847
	6549 7886 7909 7950 7972 7967 6575 6567 7953 6568
	7949 7932 7790 7781 6534 7891 6558 7939 7940 6533
	6554 7910 7888 7926 7838 6548 8042 7890 7845 7901
	7917 7938 7943 7961 7894 6546 7819 7783 7788 7760
	6521 7778 7762 6531 7807 7832 7808 6540 7853 6552
	7769 7816 7828 6545 7861 7889 6538 7833 6555 7881
	7913 7933 6563 7965 6564 7995 6574 8017 6577 8046
	7893 6551 
}
philipine_sea_area = { 
	1396 1397 1439 1402 1403 1435 1436 1437 1438 1390
	1391 1404 1440 4224 4357 4358 7705 6502 7713 7696
	6510 7726 7741 6523 7776 7795 7771 7747 7740 7734
	7704 7716 7768 7787 7543 7519 7558 6484 7577 7611
	6496 7650 7660 7688 7700 7685 7711 7626 7605 7573
	7538 7533 7495 7502 7501 7455 7479 7448 7428 6463
	6464 7447 7458 6473 7491 7508 7523 7548 7560 7518
	7582 7563 7541 6485 7526 7562 7590 7591 6491 7565
	7552 7637 7601 7598 7632 7621 6500 7628 7662 7674
	7675 7698 6514 7670 7693 6512 7723 7691 7694 6511
	7679 7690 6516 7712 7739 6518 6525 7766 7817 7830
	7851 7887 7836 7865 7818 7772 7708 7725 7681 7631
	6504 7641 7714 7754 6532 7786 7761 7794 7779 7805
	6542 7424 6462 7408 7399 7386 7379 7366 7364 7276
	7267 6444 7265 7258 7244 7251 7282 7284 7308 6452
	7304 7305 6450 7322 7343 7328 7351 7355 7327 7312
	7326 7307 7352 7363 7350 7339 7321 7347 7342 7362
	7389 6459 7398 7317 6454 7335 6456 7336 7512 6476
	7514 7475 7405 7411 7361 7421 7360 7346 6457 7349
	7375 7397 7419 7427 7453 7470 7486 7487 7457 7532
	6488 7527 7531 7551 7545 7576 7572 7613 7610 7606
	7648 6495 6506 7695 7751 7750 7767 7692 7636 7727
	7654 7686 7673 7584 7596 7589 7568 7557 6489 7542
	7561 6493 7618 7639 7665 7594 7604 7630 7647 7544
	7559 7593 7617 7635 6499 6501 7646 7652 7702 7645
	7634 7627 6498 7603 7575 7528 7535 6482 7525 7550
	7471 7474 6471 7460 7498 7496 7506 6479 7520 7507
	7510 7537 7546 7574 6490 7556 7585 7612 7600 7625
	7651 7649 7677 6508 7666 7569 6475 7492 7684 6507
	7707 7664 7719 7724 7796 6539 7824 6505 7682 7657
	6503 7663 7432 7482 7381 7288 7802 7678 
}
banda_arafura_seas_area = { 
	1356 1357 1401 1408 1409 1410 7370 7358 7318 7345
	7297 7260 7313 7615 7595 7642 7633 7608 7597 7586
	7570 7564 7536 7566 7513 7539 7583 7250 7259 7233
	7299 7348 7369 7412 7406 7444 7435 6474 7463 6466
	7493 7483 7504 7480 7423 7417 7380 7407 7401 7442
	7441 7450 7468 7329 7385 
}
gulf_of_alaska_area = { 
	1558 1559 1560 1561 1681 1682 8776 8773 4978 4977
	8769 8765 4973 8759 4974 8754 8750 4972 4971 8741
	4970 8734 8720 8708 4969 4968 8698 4967 8689 8677
	4965 8671 8659 4966 4964 4975 4976 
}
sea_of_grau_area = { 
	1544 1545 1546 8956 5112 8949 8946 5082 8943 8933
	5070 5071 8930 5068 8928 8927 5077 8973 
}
chilean_sea_area = { 
	1539 1540 1541 1542 1543 8967 8966 5156 5129 8965
	5143 8959 8952 5125 8951 8953 5133 5135 5134 8954
	8957 8955 5142 8958 8960 5146 8961 5149 8962 5148
	8964 8963 5108 4990 4959 
}
gulf_of_panama_area = { 
	1547 1548 1549 1550 5076 5087 5092 5101 5079 8942
	8929 5046 5041 5090 8921 8914 8905 5024 8897 8889
	5008 5009 8872 8866 
}
bay_of_biscay_area = { 
	1274 1275 1276 1277 1278 5897 5892 5934 5942 5967
	5965 5926 5951 
}
english_channel_area = { 
	1271 1272 5928 5984 
}
caribbean_sea_area = { 
	1512 1513 1514 1515 1516 1517 1518 1519 1520 1521
	1522 1523 5177 5197 5184 5167 5193 5159 5158 5145
	5126 5117 5137 5122 5102 5095 5103 5118 5168 5163
	5175 5182 5075 5189 5188 5186 5172 5160 5152 5150
	5154 5151 5153 5127 5131 5120 5121 5091 5104 5098
	5141 5144 5140 5139 5114 5110 5084 5094 5069 5078
	5074 5066 5062 5057 5055 5050 5065 5058 5064 5067
	5080 5081 5073 5089 5088 5105 5116 5107 5097 5100
	5099 5138 5128 5164 5059 5035 5043 5039 5038 5033
	5044 5037 5047 5054 5052 5048 5123 5192 5204 8972
	5093 
}
gulf_of_mexico_area = { 
	1506 1507 1508 1509 1510 1511 5010 5006 5002 5001
	5004 5005 5007 5003 5013 5016 5015 5020 5022 5021
	5025 5029 5032 5023 5036 5030 5049 5056 5060 5045
	5042 5026 5028 5019 5012 5017 5011 5034 5051 5072
}
sea_of_labrador_area = { 
	1483 1484 1493 1494 1495 1496 5217 5251 5260 5460
	5467 5445 5443 5455 5248 5240 5238 5226 5202 5230
	5432 5218 5195 5441 5456 5469 5222 5231 5210 5187
	5241 5246 5233 5225 5220 5422 5229 5183 5199 5178
	5237 5263 5252 5266 5259 5270 5267 5243 5244 5254
	5221 5232 5215 5198 5166 5196 8975 5176 5194 5155
	1807 5476 5465 5171 5203 8983 
}
hudson_bay_sea_area = { 
	1485 1486 1487 1488 1489 5014 5018 5031 5040 5027
	5053 5085 5063 5061 5115 5162 
}
denmark_strait_area = { 
	1477 1480 1481 1482 1610 1924 5750 5801 5698 5814
	5786 5826 5796 5752 5745 5721 5724 5708 5680 5712
	5684 5713 5731 5736 5775 5643 5641 5648 5640 5624
	5603 5539 5567 5617 5483 5501 5484 5513 5509 5481
	5516 5543 5533 5566 5549 5578 5538 5608 5632 5650
	5619 5674 5659 5627 5610 5695 5707 5727 5697 5686
	5645 5618 5584 5616 5661 5689 5694 5717 5715 5742
	5734 5751 5795 5777 5738 5758 5702 5716 5723 5778
	5480 5597 
}
gulf_of_guinea_sea_area = { 
	1464 1465 1466 5968 5980 5991 6005 6032 6027 6050
	6065 6072 6078 6073 6086 6062 6089 6097 6109 6113
	6057 6100 6094 
}
cape_of_storms_area = { 
	1459 1460 6195 6210 6192 6220 6225 6238 6242 6176
	6196 6178 6215 6110 6647 6650 
}
skeleton_coast_area = { 
	1461 1462 1463 6168 6174 6165 6164 6151 6143 6155
	6156 6136 6139 6135 6111 6141 6102 6148 6157 6134
	6150 6128 6133 6123 6101 6108 6117 6121 6126 6112
	6098 6087 6093 6106 6119 6091 6076 6162 6066 6142
}
east_pacific_ocean_area = { 
	1430 1431 1432 1433 1434 1442 1443 1444 1666 1667
	1668 1669 1670 1671 1672 1673 1674 1675 1676 1679
	1691 1698 1734 8214 8197 6607 8186 8175 8146 8091
	6592 8083 8110 6598 8155 8170 8181 8171 8200 8255
	8246 8319 8297 8343 8314 8332 8336 8331 8354 8368
	8366 8382 8388 8369 8361 8385 8378 8363 8380 8353
	8302 8250 8219 8308 8191 8151 8096 8123 8106 8062
	8058 7997 8041 8008 7984 7931 7948 7923 7896 7879
	7841 7843 7856 7871 7884 7936 7922 7958 8036 7994
	8064 6594 8105 8125 8148 6603 8174 8153 8141 8090
	8194 8190 8261 8224 6623 8241 6619 8218 8183 8152
	8082 7852 6530 7823 7809 7826 7775 7801 7757 6526
	7742 7721 7855 7829 6547 7880 6561 7908 7873 6556
	7878 7905 7900 7906 7944 7927 7979 6570 7930 7925
	7942 7954 7822 7872 7755 7849 7720 7860 7759 7863
	7978 7962 8098 8081 8142 8188 8206 8279 8310 8313
	7969 7929 8014 8052 6593 8080 8084 8138 8116 8166
	8163 8097 8242 6621 6605 6629 8291 8245 8262 8220
	6613 8226 8207 8199 8223 6617 6611 8185 8150 7941
	7947 7976 7904 7968 8011 8001 6580 6573 6566 8037
	8061 8051 6589 8079 6591 8127 8115 8154 6600 8212
	8205 8300 8330 8371 6641 6646 8383 8317 8348 8324
	8287 6636 8270 8247 8244 8233 8252 8238 6620 8222
	8257 8275 8337 6640 8322 8309 8276 8376 8296 8384
	8101 6587 8162 8362 7780 7825 6560 7971 7983 8002
	6576 7991 8016 8033 8044 8063 6584 8094 8055 8040
	6582 8034 6581 8020 8007 7987 8005 8038 8054 8085
	8377 8350 8349 8305 6635 8307 8271 6628 8259 6630
	8292 8289 6626 8251 8290 8266 8256 8234 6612 8203
	8208 6602 6608 8169 8145 8107 6597 8157 8147 6595
	8121 8072 8112 8176 6604 8195 8227 6609 8193 8248
	8358 8130 8149 8160 8173 8089 8129 8202 8178 8267
	8338 8340 8281 8254 8221 8201 8180 8196 8230 6624
	8253 8239 8285 8323 8294 8273 8301 6639 8329 8334
	8335 8231 8359 8326 8161 8133 8060 8120 6599 8139
	8159 8104 8035 8124 7957 8059 8045 8023 6578 7993
	7970 6562 7918 7937 6565 7920 7966 7951 6572 7982
	8021 8030 8012 6586 8065 6588 8053 8088 8109 8076
	6585 8022 6583 8067 8215 8135 8288 8182 8128 8229
	8213 8066 8189 6618 6596 8979 
}
polynesian_triangle_area = { 
	1692 1697 1713 1720 1721 1722 1723 1724 1725 1726
	1727 1728 1729 1731 1732 1733 1735 1738 1739 8728
	8756 8768 5373 5374 8767 8755 8751 8740 8739 8733
	8724 8716 8709 8705 5362 8700 8691 5359 8682 8672
	5357 8670 5354 8667 8645 8627 8609 8596 8581 8556
	5338 8580 8598 8583 8565 8533 5297 8513 8474 8439
	8408 8537 8606 8590 8652 8653 8681 8686 8703 8409
	8410 8431 8440 5298 8484 8471 8454 8509 8502 8524
	8536 8557 8546 8563 8544 5324 8526 5323 8549 8553
	5319 8540 8497 8508 8452 8472 5310 8500 8443 8411
	8437 8481 5304 8459 8493 8482 5299 8432 8412 8413
	8438 5302 5300 8465 8460 8477 8467 8504 8518 8538
	8514 8542 8567 5330 8558 8573 5337 8587 5340 8584
	5325 8561 8539 5313 8523 8510 8494 8475 8461 8428
	8414 8415 8435 8433 8429 8416 8417 8446 5295 5308
	8473 8464 8501 8485 8447 5296 8448 5306 8466 8470
	8486 8468 8453 8503 8529 8511 5320 5316 8527 8507
	8516 8528 8530 5314 8512 8548 8552 8547 8554 8560
	8585 8572 5334 8566 5329 8576 5328 8595 8601 8597
	5343 8611 5344 8622 8616 5346 8617 8630 8632 8619
	8631 8638 8634 8640 8651 8656 8650 8655 8662 8665
	8673 5355 5353 8668 8669 8664 5356 8688 8678 8683
	8694 8699 5358 8695 8685 8702 5361 8710 8713 5364
	8729 8730 5368 8735 8745 5370 8746 8758 5371 8748
	8763 5372 8736 8725 8706 8717 8732 5363 8715 5365
	8721 8727 8487 8520 8571 8592 8600 5333 5331 5321
	8455 8418 8425 8427 8419 5294 8442 8457 8450 8480
	8483 8449 8420 5293 8421 8422 8451 8462 5307 8469
	8476 8456 8444 5309 8496 8519 8531 5315 8517 5318
	8522 8541 5327 8559 8569 8593 5339 8579 5332 8574
	8589 8612 8607 8610 8646 8647 8680 8742 8704 5360
	5369 5367 5366 8551 8495 8407 8406 8458 8405 8568
	8578 8615 8591 8404 8434 8424 8403 8426 8423 8463
	8479 5305 8490 8491 8498 5303 8506 5312 5317 8515
	5311 8545 5322 8543 8550 5326 8577 5336 8570 5335
	8582 8599 5341 8604 5342 8605 8614 5345 8618 5347
	8624 8629 5348 8636 8639 5349 8635 8628 5350 8649
	5351 8641 8661 5352 8658 8660 8648 5301 
}
south_pacific_area = { 
	1700 1701 1702 1703 1704 1705 1706 1707 1708 1709
	1710 1711 1712 1716 1717 1718 1719 1730 1736 1737
	1740 1741 8747 8762 8770 8784 8788 8783 8811 8812
	8816 8810 5375 8813 5376 8805 8807 8817 8825 5377
	8819 8820 8828 8834 8848 8845 8881 8870 8871 8908
	8935 8940 8937 8944 8915 8932 8950 8947 8926 8901
	8898 8874 8893 8859 8852 8867 8835 8824 8799 8948
	8938 8912 8924 8910 8907 8904 8918 8913 8925 8936
	8939 8941 8945 8917 8900 8890 8886 8879 5381 8877
	8885 8894 5382 8887 8875 8884 8869 8865 8873 8868
	8860 8861 8855 8849 8850 8856 5380 5379 8851 8847
	8842 5378 8844 8840 8822 8843 8838 8854 8891 8899
	8906 5383 8903 8909 5384 8916 8911 8902 8919 8920
	8923 8883 8878 8858 8839 8837 8821 8814 8797 8786
	8771 8726 8642 8621 8637 8602 8625 8654 8693 8722
	8684 8692 8701 8674 8723 8757 8749 8772 8774 8766
	8743 8737 8752 8714 8778 8798 8802 8791 8792 8793
	8803 8806 8831 8830 8863 8846 8829 8880 8892 8922
	8888 8857 8882 8864 8862 8876 8895 8896 8931 8934
}
north_pacific_area = { 
	1683 1684 1685 1686 1687 1688 1689 1690 1693 1694
	1695 1696 1699 1714 1715 8401 8402 8499 8588 8644
	8679 8657 8690 8738 8777 8800 8795 8785 8760 8719
	8712 8761 8775 8764 8718 8663 8687 8676 8594 8623
	8608 8521 8400 8492 8399 8535 8613 8626 8666 8697
	8675 8696 8731 8711 8707 8753 8744 8826 
}
north_pacific_coast_area = { 
	1551 1552 1553 1554 1555 1556 1557 8853 5000 4999
	8841 4998 8836 8833 8832 4995 4997 8827 8818 4989
	4993 4991 8823 4994 4992 8809 4996 8815 4988 8808
	8804 8801 4987 8796 4986 4985 8794 8790 4984 4982
	8789 8787 4983 8781 8782 4981 8779 4979 8780 8971
	8970 4948 4952 
}
coast_of_brazil_sea_area = { 
	1530 1531 1532 1533 1534 1584 1590 1591 1592 1596
	5256 5262 5261 5269 5489 5274 5531 5542 5276 5279
	5275 5284 5286 5561 5291 5585 5557 5283 5554 5281
	5569 5564 5572 5287 5290 5595 5592 5563 5288 5285
	5621 5639 5623 5611 5606 5589 5590 5234 8976 8977
}
coast_of_guyana_area = { 
	1527 1528 1529 1576 1577 5223 5200 5224 5427 5419
	5424 5431 5442 5454 5440 5447 5249 5236 5250 5253
	5268 5470 5258 5468 5497 5503 5511 5519 5486 5515
	5507 5494 5485 5529 5530 5506 5272 5271 5535 5553
	5277 5541 5435 5208 5423 5205 5212 
}
celtic_sea_area = { 
	1284 1285 1288 1289 5899 5838 5868 5846 5817 5821
	5836 5884 5910 5938 5932 5895 5900 5894 5865 5820
	5811 
}
west_african_coast_sea_area = { 
	1467 1468 1469 1470 1471 1472 1578 1579 5902 5847
	5877 5907 5908 5843 5854 5848 5878 5829 5825 5828
	5806 5789 5823 5803 5757 5776 5781 5762 5800 5755
	5765 5766 5760 5739 5764 5804 5802 5807 5790 5773
	5779 5759 5770 5785 5741 5769 5791 5797 5753 5747
	5730 5732 5767 5784 5787 5774 5799 5798 5808 5830
	5832 5837 5849 5881 5890 5874 5918 5929 5916 5960
}
south_atlantic_area = { 
	1585 1586 1597 1598 1599 1600 1601 1602 1603 1604
	1605 1606 1608 1609 5437 5433 5448 5451 5475 5498
	5521 5504 5534 5466 5487 5450 5477 5478 5522 5556
	5548 5546 5558 5537 5536 5586 5571 5588 5576 5596
	5598 5594 5615 5631 5547 5609 5647 5637 5692 5728
	5794 5740 5665 5780 5856 5920 5944 6004 5963 5857
	5915 5975 6044 6054 5992 6006 5943 5875 5756 5933
	5937 5919 5949 5862 6058 6053 6052 6080 6026 6061
	6079 6070 6068 5927 5583 5581 5607 5635 5666 5710
	5679 5763 5591 5726 5788 5805 5866 5921 5925 5931
	5958 5952 5977 5969 5981 5979 5987 5976 6000 6020
	5996 5997 5922 6035 6083 6030 6022 6021 6038 6015
	6037 6042 6034 6029 5950 5568 5953 5974 
}
argentine_sea_area = { 
	1535 1536 1537 1538 1587 1588 1589 1593 1594 1595
	1607 5464 5255 5245 5242 5449 5235 5227 5439 5214
	5219 5430 5436 5428 5420 5206 5207 5185 5174 5190
	5170 5213 5239 5216 5228 5209 5201 5247 5265 5257
	5264 5525 5528 5545 5278 5280 5559 5593 5599 5289
	5292 5273 5425 5211 5418 5429 8968 5179 5191 8984
	5282 
}
gulf_of_st_lawrence_area = { 
	1490 1491 
}
gulf_stream_area = { 
	1492 1499 1500 1501 1502 1504 1570 1571 5086 5113
	5083 5106 5096 5109 5119 5124 5130 5132 5136 5147
	5161 5165 5173 5157 5169 5180 5181 5111 4930 8974
}
sargasso_sea_area = { 
	1526 1568 1569 1572 1573 1574 1575 1581 1582 1583
	5410 5417 5421 5438 5426 5459 5458 5461 5472 5463
	5462 5474 5444 5414 5452 5403 5401 5400 5396 5397
	5393 5388 5390 5387 5386 5385 5389 5391 5392 5394
	5398 5399 5395 5405 5406 5408 5404 5409 5412 5407
	5416 5411 5413 5402 5415 5434 5446 5473 
}
north_atlantic_area = { 
	1283 1286 1287 1290 1291 1292 1478 1479 1497 1498
	1563 1565 1564 1566 1567 1580 5457 5491 5488 5495
	5499 5490 5510 5524 5582 5683 5709 5792 5869 5886
	5889 5873 5858 5876 5871 5851 5772 5885 5852 5834
	5860 5771 5872 5891 5912 5924 5948 5880 5863 5842
	5813 5835 5744 5667 5711 5668 5676 5654 5675 5682
	5658 5653 5687 5672 5642 5630 5565 5634 5646 5693
	5649 5493 5502 5500 5520 5496 5512 5526 5523 5518
	5471 5479 5453 5532 5540 5550 5544 5552 5514 5579
	5580 5600 5614 5626 5613 5625 5577 5601 5636 5652
	5657 5651 5517 5570 5508 5492 5482 5681 5670 5656
	5662 5638 5663 5644 5620 5622 5629 5575 5587 5551
	5574 5602 5604 5628 5660 5633 5669 5678 5690 5691
	5677 5705 5729 5722 5733 5749 5793 5782 5746 5748
	5783 5737 5754 5720 5714 5703 5696 5725 5718 5700
	5735 5768 5810 5815 5761 5818 5844 5809 5853 5882
	5839 5827 5743 5505 5706 5573 5655 5909 5555 5527
	5605 5612 5673 5562 5671 5685 5688 5701 5699 5719
	5704 5664 5560 
}
bahama_channel_area = { 
	1503 1505 1524 1525 
}
brittany_area = { 
	169 170 171 172 4384 
}
normandy_area = { 
	167 168 1879 4385 
}
provence_area = { 
	201 202 2991 4696 
}
poitou_area = { 
	180 4111 4386 4387 
}
guyenne_area = { 
	194 198 4112 174 
}
pyrenees_area = { 
	175 173 176 4694 
}
languedoc_area = { 
	200 2753 4391 4695 196 
}
bourgogne_area = { 
	192 193 4764 
}
west_burgundy_area = { 
	191 1877 4392 
}
massif_central_area = { 
	190 195 199 4697 4777 
}
savoy_dauphine_area = { 
	203 204 205 4719 
}
lorraine_area = { 
	187 188 189 4766 
}
picardy_area = { 
	87 88 89 1743 
}
ile_de_france_area = { 
	182 183 185 4388 
}
champagne_area = { 
	181 186 4390 
}
loire_area = { 
	177 178 4389 
}
orleans_area = { 
	184 179 4776 
}
wallonia_area = { 
	91 93 94 1866 
}
holland_area = { 
	96 97 98 4383 
}
flanders_area = { 
	90 1865 4769 
}
frisia_area = { 
	99 100 1931 4381 4382 
}
brabant_area = { 
	92 1744 2974 
}
north_brabant_area = { 
	95 4770 1742 
}
aragon_area = { 
	211 214 2990 4557 
}
catalonia_area = { 
	197 212 213 2987 2988 
}
valencia_area = { 
	220 1750 4549 4550 
}
lower_andalucia_area = { 
	224 225 1748 1749 4548 
}
upper_andalucia_area = { 
	222 223 226 4546 
}
castille_area = { 
	217 2755 4551 4789 
}
toledo_area = { 
	219 221 2751 2754 4547 
}
asturias_area = { 
	1745 4552 1746 215 
}
galicia_area = { 
	206 4554 4555 4558 
}
baleares_area = { 
	4560 333 4559 
}
basque_country = { 
	209 210 2989 
}
leon_area = { 
	208 216 4553 207 
}
extremadura_area = { 
	4788 218 1747 
}
beieras_area = { 
	231 232 228 1851 4556 
}
alentejo_area = { 
	227 229 230 4150 4787 
}
macaronesia_area = { 
	366 367 368 4565 
}
venetia_area = { 
	108 111 112 1774 4729 
}
lombardy_area = { 
	104 1862 4728 4740 2979 
}
po_valley_area = { 
	109 4739 107 
}
piedmont_area = { 
	103 1875 2981 4727 
}
tuscany_area = { 
	115 116 117 2978 2980 
}
liguria_area = { 
	101 102 2992 
}
corsica_sardinia_area = { 
	2986 4735 127 1247 
}
sicily_area = { 
	124 2982 126 
}
western_sicily_area = { 
	125 4736 4737 
}
naples_area = { 
	121 2983 4734 
}
lazio_area = { 
	118 2976 4731 4732 
}
calabria_area = { 
	123 1934 2984 
}
apulia_area = { 
	122 1933 2985 4733 
}
emilia_romagna_area = { 
	105 106 113 114 4730 
}
central_italy_area = { 
	119 120 2977 
}
munster_area = { 
	4118 4377 4378 
}
connacht_area = { 
	375 376 4119 
}
leinster_area = { 
	373 374 4120 4379 
}
ulster_area = { 
	372 4121 4380 
}
kingdom_of_the_isles_area = { 
	253 4364 4365 
}
highlands_area = { 
	250 252 369 4110 4363 
}
lowlands_area = { 
	248 249 251 4361 4362 
}
wales_area = { 
	241 242 4366 4369 
}
scottish_marches_area = { 
	246 247 244 4375 
}
yorkshire_area = { 
	245 4367 4368 4785 
}
west_midlands_area = { 
	239 240 4372 
}
east_midlands_area = { 
	243 1861 4376 
}
wessex_area = { 
	233 234 4130 4373 4374 
}
home_counties_area = { 
	235 236 237 4371 
}
east_anglia_area = { 
	238 1860 4370 
}
jutland_area = { 
	15 1984 4142 4149 
}
denmark_area = { 
	12 14 1981 1983 
}
skaneland_area = { 
	6 26 1982 4165 
}
gotaland_area = { 
	2 3 25 4166 
}
vastra_gotaland_area = { 
	7 16 4163 4164 
}
svealand_area = { 
	5 8 1985 
}
ostra_svealand_area = { 
	1 4 1930 
}
norrland_area = { 
	9 11 18 4114 
}
finland_area = { 
	27 28 29 31 4123 
}
bothnia_area = { 
	19 4113 4152 
}
laponia_area = { 
	315 1777 4151 
}
karelia_area = { 
	30 33 34 1961 
}
north_karelia = { 
	32 309 4124 1261 1262 
}
northern_norway = { 
	10 20 21 
}
eastern_norway = { 
	17 22 4143 4144 
}
western_norway = { 
	23 24 2752 4145 
}
subarctic_islands_area = { 
	1978 1979 370 371 
}
greenland_area = { 
	1104 1105 
}
estonia_ingria_area = { 
	36 1834 1842 
}
livonia_area = { 
	37 38 273 4241 
}
curonia_area = { 
	35 39 1935 
}
east_prussia_area = { 
	40 41 767 2958 42 
}
west_prussia_area = { 
	2997 43 1841 
}
wielkopolska_area = { 
	254 4526 255 2963 
}
malopolska_area = { 
	262 4527 2960 
}
red_ruthenia_area = { 
	261 1940 2424 2961 4541 
}
podolia_volhynia_area = { 
	281 4540 1943 
}
volhynia_area = { 
	279 2962 4539 4538 
}
pripyat_area = { 
	278 1941 4537 4545 
}
podlasie_area = { 
	269 277 1937 
}
mazovia_area = { 
	256 257 1938 4525 
}
central_poland_area = { 
	258 1939 4533 
}
sandomierz_area = { 
	260 2959 259 
}
kuyavia_area = { 
	4523 1859 4524 4528 
}
samogitia_area = { 
	270 271 1936 4534 
}
lithuania_area = { 
	272 770 4535 4536 
}
west_dniepr_area = { 
	280 1942 1944 4247 
}
east_dniepr_area = { 
	290 2407 4542 
}
chernigov_area = { 
	1945 289 4543 
}
sloboda_ukraine_area = { 
	291 298 299 2408 
}
yedisan_area = { 
	282 1974 2406 
}
zaporizhia_area = { 
	283 2411 2412 
}
azov_area = { 
	286 287 2413 2414 
}
crimea_area = { 
	284 285 2410 2447 
}
white_ruthenia_area = { 
	292 771 4246 
}
minsk_area = { 
	276 4115 4242 4544 
}
ryazan_area = { 
	301 1778 4255 
}
moscow_area = { 
	295 4251 4252 
}
vladimir_area = { 
	307 4147 4253 
}
yaroslavl_area = { 
	308 1753 4117 4250 
}
tver_area = { 
	294 1752 4243 4248 4249 
}
suzdal_area = { 
	1754 1956 4254 
}
smolensk_area = { 
	293 297 4244 4245 
}
oka_area = { 
	296 300 4116 
}
novgorod_area = { 
	310 311 1959 2749 4260 
}
pskov_area = { 
	274 275 1960 4148 
}
vologda_area = { 
	314 4262 4263 
}
beloozero_area = { 
	312 4259 4261 
}
astrakhan_area = { 
	464 466 468 2416 2417 
}
lower_don_area = { 
	288 467 1971 2409 
}
kazan_area = { 
	1082 2422 4264 
}
samara_area = { 
	473 1081 2423 
}
lower_yik_area = { 
	469 474 2365 2367 
}
nogai_area = { 
	465 470 471 472 2366 
}
ural_area = { 
	1080 1078 1780 2427 2441 
}
pomor_area = { 
	313 1776 1958 4258 
}
arkhangelsk_area = { 
	1955 4122 4256 4257 
}
bashkiria_area = { 
	475 1965 1966 2420 2444 
}
volga_area = { 
	2421 4265 4267 
}
galich_area = { 
	306 1079 1083 1957 
}
kama_area = { 
	305 1962 1972 4266 
}
tambov_area = { 
	302 304 2415 
}
saratov_area = { 
	303 2418 2419 
}
silesia_area = { 
	263 264 2966 4238 4723 
}
bohemia_area = { 
	266 2968 2970 4725 4724 
}
erzgebirge_area = { 
	267 1771 2967 
}
lusatia_area = { 
	60 1763 4778 
}
moravia_area = { 
	265 4237 4726 
}
south_saxony_area = { 
	59 61 4744 62 
}
upper_bavaria_area = { 
	65 2955 4707 4708 
}
lower_bavaria_area = { 
	64 1757 2956 2957 
}
east_bavaria_area = { 
	76 4760 4709 
}
lower_swabia_area = { 
	70 4713 4712 
}
franconia_area = { 
	4718 4715 71 79 
}
upper_franconia_area = { 
	66 67 4716 4717 
}
upper_swabia_area = { 
	68 1868 4711 1872 
}
northern_saxony_area = { 
	52 58 2964 4741 4742 
}
thuringia_area = { 
	63 2965 4743 
}
neumark_area = { 
	49 2969 4747 
}
mittelmark_area = { 
	50 51 1759 4748 2993 
}
vorpommern_area = { 
	47 2994 4745 1858 
}
hinter_pommern_area = { 
	48 2995 4746 
}
tirol_area = { 
	73 110 1768 4710 4758 
}
austria_proper_area = { 
	133 134 1770 4761 4762 
}
inner_austria_area = { 
	128 132 1863 4759 
}
carinthia_area = { 
	129 130 1769 4738 4751 
}
switzerland_area = { 
	166 1869 1870 1873 4722 
}
romandie_area = { 
	165 1867 1871 4720 4721 
}
upper_rhineland_area = { 
	72 74 4714 
}
alsace_area = { 
	75 1880 4765 
}
palatinate_area = { 
	77 1761 4767 
}
north_rhine_area = { 
	84 85 2975 83 
}
lower_rhineland_area = { 
	80 1760 1878 4768 
}
westphalia_area = { 
	82 2972 4775 
}
north_westphalia_area = { 
	56 86 2973 69 
}
hesse_area = { 
	81 1762 1876 4774 78 
}
braunschweig_area = { 
	57 1758 2971 4773 
}
weser_area = { 
	54 55 1874 4771 
}
holstein_area = { 
	13 1775 4141 
}
lower_saxony_area = { 
	44 53 1857 4772 
}
mecklenburg_area = { 
	45 46 2996 4749 4786 
}
macedonia_area = { 
	148 1853 3001 4702 4780 
}
morea_area = { 
	145 146 163 1773 4701 
}
northern_greece_area = { 
	142 144 147 4699 4698 
}
thrace_area = { 
	149 151 1764 4779 4705 
}
bulgaria_area = { 
	150 1765 2746 2750 4703 
}
silistria_area = { 
	4704 4706 159 
}
wallachia_area = { 
	160 161 2998 4531 4532 
}
moldavia_area = { 
	268 1756 2405 4529 4530 
}
transylvania_area = { 
	157 158 1952 4127 
}
southern_transylvania_area = { 
	156 1951 4128 
}
slovakia_area = { 
	154 162 1318 1772 4236 
}
serbia_area = { 
	141 3000 4176 4239 4757 
}
rascia_area = { 
	138 1766 1827 4754 
}
albania_area = { 
	143 4174 4175 4750 
}
bosnia_area = { 
	139 140 1831 3002 4755 
}
croatia_area = { 
	131 1826 1828 4752 
}
slavonia_area = { 
	152 4756 1767 4173 
}
east_adriatic_coast_area = { 
	136 137 4753 
}
alfold_area = { 
	155 1953 1954 4125 
}
transdanubia_area = { 
	135 153 1864 4126 4240 
}
imereti_area = { 
	422 462 1856 
}
samtskhe_area = { 
	2196 2204 4303 
}
kartli_kakheti_area = { 
	423 2203 4301 
}
armenia_area = { 
	420 419 2202 2205 4302 
}
shirvan_area = { 
	421 4299 4305 4340 
}
circassia_area = { 
	463 2201 2195 2197 
}
dagestan_area = { 
	425 2198 2199 2208 4306 
}
rum_area = { 
	329 1846 2300 4314 4315 
}
erzurum_area = { 
	330 331 2305 
}
hudavendigar_area = { 
	316 317 2296 
}
germiyan_area = { 
	322 1848 4308 4311 
}
aydin_area = { 
	318 319 2297 2298 4309 
}
ankara_area = { 
	326 4312 4313 
}
aegean_archipelago_area = { 
	164 320 2348 3003 4700 
}
kastamonu_area = { 
	325 328 2299 2304 
}
karaman_area = { 
	323 324 2301 4307 
}
cukurova_area = { 
	321 327 2302 
}
aleppo_area = { 
	377 1849 2313 4298 
}
syria_area = { 
	378 382 1855 4297 
}
trans_jordan_area = { 
	380 381 2327 
}
palestine_area = { 
	364 379 1854 
}
dulkadir_area = { 
	332 2303 2308 4310 
}
iraq_arabi_area = { 
	406 409 410 2310 4291 
}
basra_area = { 
	408 2311 2312 4288 
}
luristan_area = { 
	413 414 2209 2210 
}
north_kurdistan_area = { 
	418 2306 2307 4295 4296 
}
khuzestan_area = { 
	412 2217 4289 4290 4342 
}
shahrizor_area = { 
	415 2211 4293 4294 
}
al_jazira_area = { 
	407 411 2309 2314 4292 
}
bahrain_area = { 
	394 395 396 2340 2347 
}
pirate_coast_area = { 
	397 398 404 2333 
}
nafud_area = { 
	393 2338 4272 
}
tabuk_area = { 
	383 2328 4268 4269 
}
medina_area = { 
	384 2329 2330 
}
mecca_area = { 
	385 2331 2332 4277 4278 
}
asir_area = { 
	386 391 4282 
}
tihama_al_yemen_area = { 
	387 2346 4279 
}
upper_yemen_area = { 
	390 2344 4281 
}
yemen_area = { 
	388 2345 4280 
}
hadramut_area = { 
	389 2343 4283 
}
mahra_area = { 
	402 1099 4284 
}
yamamah_area = { 
	2335 2336 2339 4275 
}
qasim_area = { 
	392 2337 4273 4274 
}
dhofar_area = { 
	401 2341 2342 
}
oman_area = { 
	403 4285 4287 
}
mascat_area = { 
	399 400 4286 
}
syrian_desert_area = { 
	405 4270 4271 
}
gulf_of_arabia_area = { 
	365 2315 2320 2321 
}
al_wahat_area = { 
	1233 2318 4323 
}
delta_area = { 
	358 362 363 
}
bahari_area = { 
	361 2316 4316 4317 
}
vostani_area = { 
	359 2317 4318 
}
said_area = { 
	360 1231 2319 4319 4320 
}
tripolitania_area = { 
	354 2451 2452 355 
}
cyrenaica_area = { 
	356 357 2325 2326 
}
fezzan_area = { 
	2448 2449 2474 4567 
}
tunisia_area = { 
	341 2454 2455 2473 4566 
}
djerba_area = { 
	353 2453 2954 
}
algiers_area = { 
	336 2465 4562 
}
barbary_coast_area = { 
	337 2461 338 
}
kabylia_area = { 
	339 340 1882 
}
hautes_plaines_area = { 
	2459 2462 2463 
}
ouled_nail_area = { 
	350 351 2458 
}
north_saharan_area = { 
	352 2450 2456 2457 2472 
}
tafilalt_area = { 
	346 349 2460 
}
sus_area = { 
	348 2464 2466 4568 
}
southern_morocco_area = { 
	347 1110 2470 
}
western_morocco_area = { 
	342 345 2469 4564 
}
marrekesh_area = { 
	343 344 2467 2468 
}
northern_morocco_area = { 
	334 335 1751 4563 4561 
}
madagascar_highlands_area = { 
	1792 4023 4027 
}
betsimasaraka_area = { 
	4021 4024 4025 
}
sakalava_area = { 
	1193 1194 4022 4031 4032 
}
southern_madagascar = { 
	4026 4028 4029 4030 
}
lower_zambezi_area = { 
	1187 1190 1191 
}
upper_zambezi_area = { 
	4046 4047 4050 
}
shire_area = { 
	4038 4039 4040 
}
butua_area = { 
	1185 1188 1189 
}
zimbabwe_area = { 
	1184 2950 2951 2952 
}
ruvuma_area = { 
	4036 4037 4043 4042 
}
ngonde_area = { 
	4041 4044 4045 1651 
}
mozambique_area = { 
	788 1195 4049 4020 
}
uticulo_makuana_area = { 
	4034 4035 4048 
}
quelimane_area = { 
	1183 1186 1192 
}
limpopo_area = { 
	789 1181 1182 1800 
}
central_swahili_coast_area = { 
	1196 1197 1198 1199 1201 
}
northern_swahili_coast_area = { 
	1204 2774 2796 
}
mombasa_area = { 
	1200 1202 1203 
}
kenya_area = { 
	1273 1925 4053 4054 4060 
}
jubba_area = { 
	2777 4051 4052 
}
tanzania_area = { 
	4055 4056 4057 4058 4073 
}
buha_area = { 
	4070 4071 4072 4076 4077 1650 
}
buzinza_area = { 
	4059 4061 4063 1649 
}
luba_area = { 
	4097 4099 4105 4109 
}
katanga_area = { 
	4098 4100 4101 4102 4103 
}
zambia_area = { 
	4104 4106 4108 
}
chokwe_area = { 
	4094 4095 4107 
}
rwanda_area = { 
	4067 4068 4069 
}
uganda_area = { 
	4062 4064 4066 
}
bunyoro_area = { 
	4065 4074 4075 
}
kasai_area = { 
	4083 4087 4091 4092 4093 
}
sankuru_area = { 
	4089 4090 4096 
}
lower_kasai = { 
	4081 4085 4086 4088 
}
ogaden_area = { 
	1207 1208 1210 2778 2779 
}
darfur_central_sahara_area = { 
	774 1219 2801 2802 2932 
}
kurdufan_area = { 
	1216 1221 2800 
}
lower_nubia_area = { 
	1234 2322 2323 
}
dongola_area = { 
	1220 1228 1229 
}
upper_nubia_area = { 
	1222 1226 1225 2797 2798 
}
sennar_area = { 
	1217 2799 4033 
}
red_sea_coast_area = { 
	1230 1232 2324 2787 
}
tigray_area = { 
	1227 2766 2767 2771 
}
ifat_area = { 
	1211 1212 2773 2793 
}
somaliland_area = { 
	1209 2786 2789 2792 2790 6711 6717 6736 
}
southern_ethiopia_area = { 
	2757 2758 2759 4158 
}
hadiya_area = { 
	1218 2756 2760 
}
central_ethiopia_area = { 
	1214 1223 1224 2769 2772 
}
damot_area = { 
	2762 2763 2770 
}
aussa_area = { 
	1215 2764 2765 2768 
}
shewa_area = { 
	1213 2761 2791 
}
mogadishu_area = { 
	1205 2775 2782 2794 2795 
}
ajuuran_area = { 
	2776 2780 2781 2785 
}
majarteen_area = { 
	1206 2024 2783 2784 2788 
}
mascarenes_area = { 
	1100 1102 1103 
}
indian_ocean_islands_area = { 
	574 1101 1248 1998 1999 
}
papua_area = { 
	1237 2719 2720 2721 2722 
}
vogelkop_area = { 
	1245 2718 2723 2724 
}
melanesia_area = { 
	1236 1238 1239 1986 
}
fiji_area = { 
	1242 4937 4938 
}
micronesia_area = { 
	1241 1991 1993 1994 
}
west_micronesia_area = { 
	1235 1995 1996 
}
western_australia_area = { 
	1084 2727 4863 4864 
}
northern_australia_area = { 
	2730 2731 2732 4848 4849 
}
top_end_area = { 
	2728 2729 4846 4847 
}
eastern_australia_area = { 
	1091 1092 4855 4856 
}
southern_australia_area = { 
	1087 1088 2734 4861 1089 
}
murray_river_area = { 
	1086 2735 2736 4862 
}
illawara_area = { 
	1090 4857 4858 4859 4860 
}
north_queensland_area = { 
	1094 2733 4850 1093 
}
south_queensland_area = { 
	4851 4852 4853 4854 
}
pilbara_area = { 
	2726 4865 4866 4867 
}
tasmania_area = { 
	1085 4868 4869 
}
northern_polynesia_area = { 
	1240 1997 4934 4935 4936 
}
eastern_polynesia_area = { 
	1244 1987 1988 
}
polynesia_area = { 
	1243 1989 1990 1992 
}
te_ika_a_maui_hauauru_area = { 
	1106 1107 2739 
}
te_ika_a_maui_waho_area = { 
	1108 2737 4939 
}
te_waipounamu_area = { 
	1109 1246 2738 
}
western_sahara_area = { 
	1127 1128 1129 1130 2271 
}
cap_verde_area = { 
	1096 1111 
}
jolof_area = { 
	1112 1113 1116 2239 
}
tekrur_area = { 
	1115 2237 2240 2244 
}
baghena_area = { 
	2243 2245 2246 2247 
}
manding_area = { 
	1120 1121 1124 2248 
}
futa_jallon_area = { 
	1114 1117 2238 
}
massina_area = { 
	1123 1131 2249 2250 
}
jenne_area = { 
	1134 2259 2261 2263 
}
niger_bend_area = { 
	1132 1133 2260 2262 2264 
}
upper_volta_area = { 
	1135 1136 1137 2265 2266 
}
kong_area = { 
	1122 1125 2252 2253 
}
lower_volta_area = { 
	1138 2254 2255 2256 2267 
}
lower_niger_area = { 
	1144 1145 1146 1152 1153 
}
hausa_area = { 
	1155 2280 2281 
}
katsina_area = { 
	1148 1149 2279 
}
zazzau_area = { 
	1150 1154 2278 2293 
}
bornu_area = { 
	1157 1160 2282 2283 2284 
}
kanem_area = { 
	1158 1159 2286 2287 2288 
}
adamawa_plateau_area = { 
	1161 1162 1249 2285 
}
dendi_area = { 
	1142 2268 2269 2270 
}
azbin_area = { 
	1156 2272 2273 2274 2276 
}
east_azbin_area = { 
	2275 2277 2475 
}
atacora_oueme_area = { 
	1140 1143 2291 2292 2295 
}
gulf_of_guinea_area = { 
	1151 1163 1164 1165 
}
benin_area = { 
	1147 2289 2290 2294 
}
sao_tome_area = { 
	1097 1306 
}
west_africa_coast_area = { 
	1126 1139 1141 2257 2258 
}
guinea_coast_area = { 
	1118 1119 2241 2242 
}
south_atlantic_islands_area = { 
	1095 2025 
}
matamba_area = { 
	2948 4082 4084 
}
coastal_kongo = { 
	1166 1168 4078 4079 4080 
}
kongo_area = { 
	798 1169 1170 1901 2949 
}
angola_namibia_area = { 
	1098 1167 1171 1172 1174 
}
cape_of_good_hope_area = { 
	833 1175 1177 1179 1180 
}
south_african_plateau_area = { 
	1176 1178 2856 2880 2864 
}
makran_area = { 
	434 575 2231 2232 2233 
}
sistan_area = { 
	435 2224 2229 2230 
}
kalat_area = { 
	576 577 2068 
}
ferghana_area = { 
	458 460 1967 
}
arys_area = { 
	457 2364 2356 
}
kyzylkum_area = { 
	455 1970 2363 
}
transoxiana_area = { 
	442 453 454 
}
termez_area = { 
	1968 4344 4343 
}
khiva_area = { 
	440 441 1973 2362 2370 
}
kabulistan_area = { 
	448 451 452 578 2226 
}
transcaspia_area = { 
	437 438 439 443 2349 1326 
}
mashhad_area = { 
	2221 2235 2236 4326 
}
herat_area = { 
	446 4324 4325 
}
birjand_area = { 
	436 4334 4336 
}
ghor_area = { 
	447 449 2225 
}
merv_area = { 
	444 445 2350 
}
balkh_area = { 
	450 2227 2228 
}
kerman_area = { 
	432 2220 2234 4345 
}
persian_gulf_coast = { 
	430 2219 2223 4332 
}
mogostan_area = { 
	431 2999 4327 
}
farsistan_area = { 
	2218 4329 4330 4331 
}
iraq_e_ajam_area = { 
	427 428 2213 2216 4337 
}
azerbaijan_area = { 
	2212 2215 4300 4338 
}
isfahan_area = { 
	429 433 2222 4335 4171 
}
tabriz_area = { 
	416 2206 2207 4304 424 
}
tabarestan_area = { 
	417 426 2214 4339 4341 
}
sirhind_area = { 
	510 2065 4411 4463 
}
sind_sagar_area = { 
	2077 2078 4511 
}
oudh_area = { 
	523 2094 4494 4495 4497 
}
katehar_area = { 
	2061 4498 4499 
}
purvanchal_area = { 
	555 2055 2095 4490 
}
upper_doab_area = { 
	522 2060 2062 
}
lower_doab_area = { 
	524 556 2063 4496 
}
lahore_area = { 
	507 2075 2076 4510 4513 
}
multan_area = { 
	506 2079 2086 4508 4509 
}
naga_hills_area = { 
	570 573 2041 
}
east_bengal_area = { 
	564 2039 4474 4475 4478 
}
north_bengal_area = { 
	562 2045 2046 4486 
}
tripura_area = { 
	567 2091 4473 
}
bihar_area = { 
	558 4469 4472 4489 
}
mithila_area = { 
	2047 4484 4487 4488 
}
jharkhand_area = { 
	560 2096 4450 4470 4471 
}
upper_mahanadi_area = { 
	553 2082 4447 4451 4452 
}
gaur_area = { 
	563 2044 4479 
}
west_bengal_area = { 
	561 2081 4476 4477 
}
gird_area = { 
	525 528 740 4464 4465 
}
baghelkhand_area = { 
	2097 2098 4468 
}
bundelkhand_area = { 
	559 2059 4459 4466 4467 
}
gondwana_area = { 
	550 551 2092 4458 4460 
}
orissa_area = { 
	552 2038 2043 2049 4441 
}
garjat_area = { 
	547 2048 4445 4446 4448 
}
telingana_area = { 
	2028 4438 4444 
}
golconda_area = { 
	542 2037 4436 4439 
}
andhra_area = { 
	543 549 2084 2080 4425 
}
raichur_doab_area = { 
	532 2033 4428 
}
khandesh_area = { 
	527 4434 4453 
}
rayalaseema_area = { 
	541 1949 2090 4423 4424 
}
malabar_area = { 
	534 535 537 4410 4413 
}
malwa_area = { 
	526 2056 2057 2093 4461 
}
mewar_area = { 
	518 2058 2087 4501 4462 
}
jangladesh_area = { 
	512 4502 4507 2066 
}
marwar_area = { 
	513 514 2067 4506 
}
jaipur_area = { 
	519 520 2064 4500 
}
sindh_area = { 
	504 2088 4503 4504 
}
northern_sindh_area = { 
	505 2072 4505 
}
north_carnatic_area = { 
	2083 4418 4419 4420 
}
south_carnatic_area = { 
	539 540 1947 2027 4417 
}
madura_area = { 
	536 2101 4412 
}
tanjore_area = { 
	2026 4415 4416 
}
kongu_area = { 
	538 2085 4414 
}
konkan_area = { 
	529 530 2089 4429 
}
desh_area = { 
	1946 2034 4431 
}
ahmednagar_area = { 
	544 545 4432 4433 4437 
}
kanara_area = { 
	531 2029 2030 2032 4427 
}
maidan_area = { 
	569 1948 2035 4435 
}
mysore_area = { 
	533 2031 4421 4422 4426 
}
berar_area = { 
	546 548 2050 4442 4443 
}
assam_area = { 
	566 571 2040 2042 4440 
}
himalayan_hills_area = { 
	509 511 2069 4493 
}
nepal_area = { 
	557 2070 2071 4483 4485 
}
baisi_rajya_area = { 
	4491 4492 554 
}
bhutan_area = { 
	565 4481 4482 
}
kashmir_area = { 
	508 2073 2074 4449 4521 
}
lanka_area = { 
	2100 4408 4409 
}
south_lanka_area = { 
	572 2099 4407 
}
ahmedabad_area = { 
	516 2051 2054 4512 4457 
}
patan_area = { 
	503 2053 4456 4480 
}
tapti_area = { 
	517 2036 4430 
}
saurashtra_area = { 
	515 521 2052 4454 4455 
}
upper_burma_area = { 
	584 2399 581 
}
central_burma_area = { 
	4394 4396 585 4395 
}
chindwin_area = { 
	2398 580 4393 2397 
}
kachin_area = { 
	582 2395 2396 4404 4405 
}
shan_hill_area = { 
	583 588 2400 4397 4406 
}
karenni_area = { 
	587 2401 4398 
}
malaya_area = { 
	598 599 2393 4814 
}
johor_area = { 
	597 2686 4815 
}
malacca_area = { 
	595 596 2392 
}
khorat_area = { 
	612 4836 2383 2386 
}
champasak_area = { 
	608 4839 4840 2382 4838 
}
champa_area = { 
	606 607 1022 2374 4822 
}
tay_nguyen_area = { 
	2375 4823 4824 
}
cambodia_area = { 
	604 4825 4826 2379 
}
angkor_area = { 
	609 4828 4827 1823 2378 
}
lower_burma_area = { 
	586 590 1815 2403 4399 
}
arakan_area = { 
	568 579 2402 
}
mekong_area = { 
	605 2376 2377 4829 2380 
}
tenasserim_area = { 
	593 2390 2391 
}
north_tenasserim_area = { 
	591 592 2404 2387 4835 
}
north_malaya_area = { 
	594 2394 4812 4813 
}
vietnam_area = { 
	610 1016 2373 4821 
}
red_river_delta_area = { 
	613 616 2372 4819 4820 
}
north_laos_area = { 
	615 2371 2381 4837 1844 
}
vientiane_area = { 
	614 2384 2385 611 
}
central_thai_area = { 
	600 4831 4832 4830 603 
}
sukhothai_area = { 
	2388 2389 601 4833 4834 
}
northern_thai_area = { 
	602 1817 589 4842 4841 
}
mindanao_area = { 
	2701 2702 4355 
}
west_mindanao_area = { 
	652 653 4354 
}
visayas_area = { 
	654 2700 4351 4352 4353 
}
palawan_area = { 
	651 655 4356 
}
luzon_area = { 
	657 658 2698 4348 
}
southern_luzon_area = { 
	656 2697 2699 4349 4350 
}
north_sumatra_area = { 
	617 2673 2685 2674 4809 
}
batak_area = { 
	619 4811 2684 2682 
}
central_sumatra_area = { 
	620 2675 618 4810 
}
jambi_area = { 
	2677 659 2676 4816 
}
minangkabau_area = { 
	2680 2681 2683 4817 4818 
}
south_sumatra_area = { 
	621 622 623 2678 2679 
}
east_java_area = { 
	627 2691 4794 
}
surabaya_area = { 
	629 4793 628 2692 
}
central_java_area = { 
	626 2689 2690 4792 
}
west_java_area = { 
	2688 625 4791 
}
banten_area = { 
	624 630 2687 4790 
}
kutai_area = { 
	638 2712 4799 2711 2710 
}
sabah_area = { 
	2709 637 2703 
}
brunei_area = { 
	636 2704 2705 4805 4806 
}
kalimantan_area = { 
	640 2706 4802 4803 4804 
}
banjar_area = { 
	639 2707 4800 4801 2708 
}
molluca_area = { 
	645 2717 646 647 
}
spice_islands_area = { 
	648 649 650 
}
lesser_sunda_islands_area = { 
	631 632 634 2693 
}
timor_area = { 
	633 635 2695 2696 2725 
}
makassar_area = { 
	4797 4798 4795 641 
}
sulawesi_area = { 
	643 644 2713 2714 4845 
}
south_sulawesi_area = { 
	642 2715 2716 4796 
}
pyongan_area = { 
	1845 2744 4232 
}
hamgyeong_area = { 
	732 2742 2743 
}
western_korea_area = { 
	733 735 4230 4231 
}
eastern_korea_area = { 
	734 736 2694 2745 4227 
}
south_korea_area = { 
	737 1013 2741 4228 4229 
}
hokkaido_area = { 
	1031 1032 1852 4193 
}
hokuriku_area = { 
	1023 1024 1837 
}
kanto_area = { 
	1028 1843 4189 
}
eastern_kanto_area = { 
	1027 4190 4191 
}
kyushu_area = { 
	1012 1015 4180 4181 
}
northern_kyushu = { 
	1014 1818 4182 4651 
}
shikoku_area = { 
	1819 1820 4186 
}
eastern_chubu_area = { 
	1029 1839 4188 4360 
}
chubu_area = { 
	1030 1835 4359 
}
kinai_area = { 
	1020 1021 1832 4187 
}
thohoku_area = { 
	1025 1026 4131 4192 
}
sanindo_area = { 
	1830 4183 4185 
}
saigoku_area = { 
	1017 1019 1825 4184 
}
kamchatka_area = { 
	1034 1035 1038 1041 2440 
}
kolyma_area = { 
	1036 1037 1039 1040 2439 
}
okhotsk_area = { 
	1043 1044 1047 1052 
}
yakutia_area = { 
	1045 1051 1054 2435 2437 
}
sakha_area = { 
	1042 1046 2438 
}
buryatia_area = { 
	1055 1056 1057 1058 2446 
}
tunguska_area = { 
	1059 1061 2431 2432 2436 
}
central_siberia_area = { 
	1064 1067 1068 1070 2430 
}
kara_area = { 
	1069 1072 1073 2445 4691 
}
ob_area = { 
	480 2428 2429 2433 
}
irkutsk_area = { 
	1060 1062 1063 2442 2443 
}
perm_area = { 
	1077 1755 1963 1964 4129 
}
balchasj_area = { 
	477 478 2355 2360 4685 
}
kazakhstan_area = { 
	476 2351 2353 2358 2359 
}
syr_darya_area = { 
	456 1969 2352 2361 
}
yrtesh_area = { 
	1071 2434 4687 4688 4689 
}
ishim_area = { 
	1074 1075 1076 2369 4692 
}
aqmola_area = { 
	479 2354 2357 4686 4690 
}
heilongjiang_area = { 
	724 1053 2102 4664 
}
east_heilongjiang_area = { 
	1049 2104 4662 4659 2103 
}
central_heilongjiang_area = { 
	727 728 2185 4200 4660 
}
cicigar_area = { 
	4218 725 4665 
}
ilan_hala_area = { 
	1048 1050 4214 4216 4215 
}
sakhalin_area = { 
	1033 4658 
}
central_jilin_area = { 
	729 731 2105 4217 4663 
}
ningguta_area = { 
	2107 2108 4654 4661 4653 
}
furdan_area = { 
	1850 2106 2186 4655 4656 
}
jilin_area = { 
	730 2110 2188 4201 2111 
}
liaoning_area = { 
	704 726 2112 2113 4652 
}
ordos_area = { 
	701 709 2191 4223 4676 
}
eastern_mongolia = { 
	2109 2187 4202 4674 
}
chahar_area = { 
	722 4203 4675 4672 2115 
}
inner_mongolia_area = { 
	702 2114 2747 4671 4670 
}
outer_mongolia_area = { 
	717 721 2116 4220 
}
xilin_gol_area = { 
	4219 4673 723 4666 4667 
}
altai_sayan_area = { 
	718 2117 4222 4680 4682 
}
tannu_uriankhai_area = { 
	716 1065 1066 4679 
}
central_mongolia_area = { 
	720 2193 4221 4669 4677 
}
uliastai_area = { 
	719 2189 2190 4668 4678 
}
jetysuu_area = { 
	459 461 2125 2126 2368 1653 
}
kashgaria_area = { 
	739 2124 2127 4209 4210 
}
tarim_basin_area = { 
	712 2121 2192 
}
shanshan_area = { 
	710 711 2123 4693 
}
turpan_kumul_area = { 
	2122 4206 4207 
}
zungaria_area = { 
	713 715 2120 4208 4683 
}
amdo_area = { 
	705 706 2134 4204 
}
tsang_area = { 
	677 2130 4205 4517 4519 
}
north_zungaria = { 
	714 2118 2119 4681 4684 
}
kham_area = { 
	678 2131 2132 2133 2135 
}
utsang_area = { 
	676 4514 4515 4518 
}
ngari_area = { 
	2128 4516 4520 
}
hebei_area = { 
	703 1816 2136 4194 
}
south_hebei_area = { 
	695 696 2137 4195 
}
shandong_area = { 
	690 691 2138 2139 2140 
}
jiangsu_area = { 
	2141 2142 4196 
}
south_jiangsu_area = { 
	685 1821 1822 2145 
}
anhui_area = { 
	1838 2143 2144 
}
south_anhui_area = { 
	686 2146 2147 
}
zhejiang_area = { 
	684 1824 2148 2149 2150 
}
jiangxi_area = { 
	670 683 1833 2151 
}
fujian_area = { 
	669 1829 2152 2153 
}
taiwan_area = { 
	738 2154 2155 
}
guangdong_area = { 
	667 668 2156 2157 2158 
}
west_guangdong_area = { 
	665 666 2159 2160 2161 
}
guangxi_area = { 
	664 1840 2162 2163 2164 
}
yun_gui_area = { 
	662 663 673 674 4199 
}
yun_gui_borderland_area = { 
	660 661 2165 2166 2167 
}
sichuan_area = { 
	679 680 4212 
}
chuannan_area = { 
	675 2168 2748 4213 
}
chuanbei_area = { 
	2169 2170 4211 
}
huguang_area = { 
	681 682 2171 2172 4197 
}
hunan_area = { 
	671 672 2173 2174 
}
henan_area = { 
	687 2175 2176 
}
north_henan_area = { 
	688 692 1836 
}
shanxi_area = { 
	693 694 697 2177 2178 
}
shaanxi_area = { 
	689 700 2179 4198 
}
gansu_area = { 
	698 699 2180 2181 2183 
}
west_gansu_area = { 
	707 708 2182 2184 
}
rio_grande_do_sol_area = { 
	2857 2879 2884 2887 
}
minas_gerais_area = { 
	765 2892 2894 2899 
}
diamantina_area = { 
	759 2898 2891 
}
goias_area = { 
	758 2906 2907 2908 2919 
}
pontal_area = { 
	2909 2910 2911 
}
mato_grosso_area = { 
	2888 2903 2904 2905 
}
ofaie_area = { 
	2881 2893 2920 
}
guapore_area = { 
	2900 2901 2902 
}
sao_paolo_area = { 
	766 769 2896 
}
west_sao_paolo_area = { 
	768 2895 2897 
}
rio_de_janeiro_area = { 
	761 762 763 764 
}
bahia_area = { 
	756 757 760 2914 2916 
}
pernambuco_area = { 
	754 755 2912 2921 2922 
}
ceara_area = { 
	750 751 753 
}
sao_francisco_area = { 
	2885 2913 2915 2917 2918 
}
maranhao_area = { 
	749 2923 2924 2926 2927 
}
piaui_area = { 
	752 2886 2925 
}
grao_para_area = { 
	748 2890 2928 2929 
}
amapa_area = { 
	747 2935 2938 
}
amazon_area = { 
	2889 2930 2933 2934 
}
paraguay_area = { 
	775 776 799 2882 2883 
}
patagonia_area = { 
	781 782 2869 
}
bahia_blanca_area = { 
	780 786 2868 
}
patagonian_andes = { 
	2863 2870 2875 2876 
}
cuyo_area = { 
	2843 2844 2845 2847 2877 
}
nehuenken_area = { 
	785 2867 2871 2872 
}
southern_pampas_area = { 
	779 2860 2861 2865 2866 
}
buenos_aires_area = { 
	778 2846 2848 2849 
}
misiones_area = { 
	777 2853 2855 2858 2859 
}
tucuman_area = { 
	791 2836 2842 
}
jujuy_area = { 
	794 2837 2839 
}
chaco_area = { 
	790 2854 2878 
}
banda_oriental_area = { 
	772 773 2850 2851 2852 
}
guyana_area = { 
	502 743 744 2803 
}
suriname_area = { 
	745 746 2937 
}
upper_guyana_area = { 
	742 2804 2811 2931 4617 
}
quito_area = { 
	816 817 819 820 2820 
}
iquitos_area = { 
	815 818 821 
}
venezuela_area = { 
	741 831 2808 4612 4616 
}
maracaibo_area = { 
	830 2807 4609 4610 4611 
}
eastern_llanos = { 
	2805 2809 2939 4615 
}
western_llanos = { 
	2812 2814 2815 4608 
}
central_llanos_area = { 
	834 2810 2813 4613 4614 
}
bogota_area = { 
	825 832 4602 4603 
}
popayan_area = { 
	823 826 2818 4596 4604 
}
colombian_amazonas_area = { 
	822 2816 4605 
}
cordillera_occidental_area = { 
	824 827 2817 4600 4607 
}
coquivacoa_area = { 
	828 829 2806 4599 4601 
}
northern_chile_area = { 
	792 793 796 2840 2841 
}
central_chile_area = { 
	784 787 2862 
}
southern_chile_area = { 
	783 2873 2874 
}
antisuyu_area = { 
	802 804 2831 2947 1656 
}
kuntisuyu_area = { 
	807 808 2829 2830 
}
peruan_coast = { 
	805 806 2828 
}
chimor_area = { 
	812 2002 2821 2822 2826 
}
ucayali_area = { 
	2823 2944 2945 
}
cajamarca_area = { 
	813 2824 2825 2943 
}
huanuco_area = { 
	809 810 811 814 2827 
}
beni_area = { 
	800 801 2834 
}
moxos_area = { 
	803 2832 2833 
}
upper_peru = { 
	2835 2838 2941 2942 
}
potosi_area = { 
	795 797 2940 2946 
}
great_woods_area = { 
	970 2562 2564 
}
maine_area = { 
	2013 2565 4873 
}
eastern_maine_area = { 
	971 2566 2567 
}
massachusetts_bay_area = { 
	966 968 2561 4874 
}
connecticut_valley_area = { 
	967 2010 2560 
}
hudson_valley_area = { 
	961 963 964 2559 4912 
}
new_york_area = { 
	965 2558 2639 
}
delaware_valley_area = { 
	956 957 962 2023 
}
iroquoisia_area = { 
	958 959 960 4872 
}
south_iroquoisia_area = { 
	969 2563 4871 
}
susquehanna_area = { 
	955 2556 2557 4876 
}
westsylvania_area = { 
	954 2555 4875 
}
maryland_area = { 
	953 2553 2554 
}
chesapeake_area = { 
	950 952 2549 2550 4877 
}
great_valley_area = { 
	949 2011 2548 2552 
}
piedmont_north_america_area = { 
	2544 2545 4878 
}
carolinas_area = { 
	937 938 2546 2547 
}
south_carolina_area = { 
	932 2542 2543 
}
south_carolina_piedmont_area = { 
	933 2541 4882 
}
american_georgia_area = { 
	929 2537 2538 2539 4880 
}
upper_american_georgia_area = { 
	930 931 2540 4881 
}
florida_area = { 
	926 2535 2536 4626 4625 
}
north_florida_area = { 
	927 928 2534 
}
appalachia_area = { 
	951 2551 4889 
}
south_appalachia_area = { 
	935 936 2527 4879 
}
west_florida_area = { 
	921 922 923 2530 2533 
}
mississippi_area = { 
	919 920 2528 2529 4884 
}
choctaw_area = { 
	918 934 939 4913 
}
alabama_area = { 
	924 925 2531 2532 4883 
}
kentucky_area = { 
	941 2526 4888 
}
western_kentucky_area = { 
	940 4887 4921 
}
ohio_country_area = { 
	946 947 948 2525 4907 
}
miami_river_area = { 
	942 943 2523 2524 4922 
}
illinois_country_area = { 
	915 916 917 4903 
}
southern_illinois_area = { 
	2519 2520 4904 
}
mississippi_plain_area = { 
	894 895 897 4885 4923 
}
michigan_area = { 
	944 945 2521 2522 1661 
}
lake_superior_area = { 
	910 911 2517 2518 4898 1663 
}
wisconsin_area = { 
	912 913 914 4899 1662 
}
lower_louisiana_area = { 
	893 2014 2516 
}
upper_louisiana_area = { 
	900 902 2514 4906 
}
ozarks_area = { 
	899 2509 2515 4886 
}
iowa_area = { 
	905 2513 4900 4905 
}
lower_plains_area = { 
	891 892 896 4908 
}
central_plains_area = { 
	901 903 2009 2508 4915 
}
kansas_area = { 
	890 898 2672 4914 
}
high_plains_area = { 
	889 2507 2625 
}
dakota_area = { 
	906 909 2510 4918 
}
south_dakota_area = { 
	907 2007 2008 4916 
}
minnessota_area = { 
	904 908 2512 4901 
}
upper_missouri_area = { 
	2006 2501 2502 2503 4917 
}
badlands_area = { 
	1809 2504 2505 
}
llano_estacado_area = { 
	882 885 2496 2497 4630 
}
coastal_prarie_area = { 
	884 888 2665 2669 
}
texas_area = { 
	887 883 4627 4911 
}
texas_plains_area = { 
	886 2500 4909 4910 
}
oregon_area = { 
	872 2481 2482 2483 
}
columbia_river_area = { 
	873 2486 2487 2488 
}
snake_river_area = { 
	2019 2020 2489 2490 2506 
}
salish_sea_area = { 
	874 2484 2485 
}
interior_plateau_area = { 
	2003 2604 2605 2606 2607 
}
hecate_strait_area = { 
	975 2022 2609 
}
alaska_area = { 
	978 979 2611 2612 
}
east_alaska_area = { 
	976 977 2613 
}
lower_acadia_area = { 
	982 984 2568 2569 4891 
}
straits_of_georgia_area = { 
	972 973 974 2610 
}
upper_acadia_area = { 
	983 985 2572 
}
st_john_valley_area = { 
	2570 2571 4896 
}
newfoundland_area = { 
	980 981 2573 
}
labrador_area = { 
	997 2574 2575 
}
cote_nord_area = { 
	996 2576 2577 2578 2579 
}
notre_dame_mountains_area = { 
	986 994 995 2582 2583 
}
lower_canada_area = { 
	993 2584 4895 
}
trois_rivieres_area = { 
	990 2012 2580 4893 
}
upper_canada_area = { 
	987 2586 2587 1660 
}
laurentian_area = { 
	992 2581 4894 
}
upper_ontario_area = { 
	991 1001 1007 2015 2671 
}
huronia_area = { 
	989 988 2585 2670 1659 
}
ottawa_valley_area = { 
	4890 4892 4897 
}
james_bay_area = { 
	998 999 1000 1003 1004 
}
inner_ontario_area = { 
	1002 2588 2589 2590 2591 
}
hudson_bay_area = { 
	1005 1006 1009 2592 2594 
}
red_river_area = { 
	2016 2511 4902 
}
manitoba_area = { 
	1008 1010 1011 2593 4919 
}
assiniboia_area = { 
	2005 2596 2598 4920 
}
saskatchewan_area = { 
	1813 2595 2597 
}
prairies_area = { 
	2004 2017 2018 2602 
}
athabasca_area = { 
	2599 2600 2601 2603 
}
northeast_mexico_area = { 
	861 2619 2666 2667 4606 
}
durango_area = { 
	860 4647 4648 4646 4648 
}
chihuahua_area = { 
	863 864 2618 4644 
}
pecos_area = { 
	2498 4628 4629 
}
rio_grande_area = { 
	858 2499 2614 2668 
}
sonora_area = { 
	862 2616 4649 4650 4577 
}
new_mexico_area = { 
	880 881 2495 4631 4632 
}
apacheria_area = { 
	879 2492 4634 
}
colorado_plateau_area = { 
	875 878 2493 2494 
}
arizona_area = { 
	877 867 876 2491 4633 
}
california_area = { 
	868 869 2021 2476 4637 
}
central_valley_area = { 
	870 2478 4635 4636 
}
northern_california_area = { 
	871 2477 2479 2480 4638 
}
baja_california_area = { 
	865 866 2620 4639 
}
jalisco_area = { 
	2617 2621 2657 4576 854 
}
nayarit_area = { 
	855 859 4578 
}
michoacan_area = { 
	2622 2623 2624 4573 4574 
}
tierra_caliente_area = { 
	851 2643 4575 4579 4580 
}
gran_chichimeca_area = { 
	857 2642 4642 
}
guanajuato_area = { 
	853 2615 4641 4640 
}
zacatecas_area = { 
	856 4643 4645 
}
mexico_area = { 
	852 2626 4570 4571 4572 
}
puebla_area = { 
	850 2628 2644 4583 4582 
}
guerrero_area = { 
	2627 2645 2648 
}
oaxaca_area = { 
	844 2629 4584 
}
mixteca_area = { 
	847 849 2646 4581 
}
eastern_mexico_area = { 
	2630 2631 2647 
}
huasteca_area = { 
	848 2641 4598 
}
chiapas_area = { 
	2635 2638 2649 4585 4586 
}
yucatan_area = { 
	846 2633 2651 4590 
}
east_yucatan_area = { 
	2634 2652 4588 4591 
}
campeche_area = { 
	845 2632 2650 
}
guatemala_area = { 
	839 841 2653 4587 
}
guatemala_lowlands_area = { 
	842 843 2636 4589 4594 
}
honduras_area = { 
	840 2637 2640 2662 4593 
}
nicaragua_area = { 
	837 838 2660 2661 4592 
}
costa_rica_area = { 
	2663 836 4597 
}
panama_area = { 
	835 2664 2819 4595 
}
cuba_area = { 
	484 485 4622 4623 4624 
}
east_cuba_area = { 
	486 2654 2655 2656 
}
hispaniola_area = { 
	488 489 4618 4619 
}
dominica_area = { 
	490 2658 2659 4620 4621 
}
greater_antilles_area = { 
	487 481 491 492 
}
lucayan_area = { 
	482 483 
}
leeward_islands_area = { 
	493 494 495 496 1881 
}
windward_islands_area = { 
	497 498 499 500 501 
}
transvaal_area = { 
	4781 4782 4783 4784 
}
pomerelia_area = { 
}
sonora_y_sinaloa_area = { 
}
magadan_area = { 
}
netherlands_area = { 
}
indonesian_islands_area = { 
}
iceland_area = { 
}
south_laos_area = { 
}
north sea 
skagerrak = { 
	6095 6116 6124 
}
north sea 
area = { 
}
