europe = { 
	6 16 17 22 23 24 26 1983 2752 4113
	4141 4143 4144 4146 4151 4164 33 34 37 38
	39 40 41 42 767 770 1834 1841 1842 1935
	44 45 48 49 50 51 52 53 54 55
	56 57 58 59 60 61 62 63 64 65
	66 67 68 69 70 71 72 73 74 75
	76 77 78 79 80 81 82 83 84 85
	86 128 129 131 132 133 134 165 166 1757
	1758 1759 1760 1761 1762 1763 1769 1770 1771 1772
	1775 1857 1858 1863 1867 1868 1869 1870 1871 1872
	1873 1874 1876 1878 1880 1931 2955 2956 2957 2964
	2965 2966 2967 2968 2969 2970 2971 2972 2973 2975
	2993 2994 2995 2996 4237 4238 4707 4708 4709 4710
	4711 4712 4713 4714 4715 4716 4717 4718 4741 4742
	4743 4744 4745 4746 4747 4748 4749 4771 4772 4773
	4774 4775 4719 4720 4721 4722 4723 4724 4725 4726
	4778 87 88 89 90 91 92 93 94 95
	96 97 98 99 100 1742 1743 1744 1865 1866
	2974 4381 4382 4383 101 102 103 104 105 106
	107 108 109 110 111 114 115 116 117 118
	119 120 121 124 125 126 1774 1862 1875 1933
	1934 2976 2977 2978 2979 2980 2981 2982 2983 2985
	2992 135 138 140 141 142 144 147 150 152
	153 154 155 156 157 158 159 160 161 162
	1756 1764 1765 1766 1767 1768 1827 1864 1951 1952
	1953 1954 2348 2746 1318 2998 3000 3001 3002 4125
	4126 4127 4128 4173 4176 4236 4239 4240 4308 4309
	4310 4311 4312 4315 4301 4303 4306 167 168 169
	170 171 172 173 174 175 176 177 178 179
	180 181 182 183 184 185 186 187 188 189
	190 191 192 193 194 195 196 197 198 199
	200 201 202 203 204 205 1877 1879 2753 2991
	4384 4385 4386 4387 4388 4389 4390 4391 4392 4694
	4695 4697 4776 4777 206 207 208 209 210 211
	214 215 216 217 218 219 220 223 224 225
	226 227 228 229 230 231 232 1745 1746 1747
	1748 1749 1851 2751 2754 2755 2987 2988 2989 2990
	4150 4546 4547 4548 4549 4550 4551 4552 4553 4554
	4555 4556 4557 4558 233 234 235 236 237 238
	239 240 241 242 243 244 245 246 247 248
	249 250 251 252 253 1860 1861 4118 4119 4120
	4121 4130 4361 4362 4363 4364 4365 4366 4367 4368
	4369 4370 4371 4372 4373 4374 4375 4376 4377 4378
	4379 4380 4785 254 255 256 257 258 259 260
	261 262 263 264 265 266 267 268 269 270
	271 272 273 274 275 276 277 278 279 280
	281 1859 1936 1937 1938 1939 1940 1941 1942 1943
	1944 1945 2405 2424 2958 2959 2960 2961 2962 2963
	2997 282 283 286 287 288 289 290 291 292
	293 294 295 296 297 298 299 300 301 302
	303 304 305 306 307 308 309 310 311 312
	313 314 1752 1753 1754 1755 1778 1955 1956 1957
	1958 1959 1960 1961 1962 1963 1964 1965 1974 475
	1972 473 464 425 463 462 468 466 1971 467
	771 4115 4116 4117 4122 4129 4147 4148 4241 4242
	4243 4244 4245 4246 4247 4248 4249 4250 4251 4252
	4253 4254 4255 4256 4257 4258 4259 4260 4261 4262
	4263 4264 4265 4266 4267 2406 2407 2408 2409 2410
	2411 2412 2413 2414 2415 2416 2417 2418 2419 2420
	2421 2422 2423 2749 4178 316 318 319 322 323
	324 327 329 331 332 1848 2298 2301 2302 2303
	2305 1078 1080 1780 1966 2441 2444 2427 369 370
	371 372 373 374 375 376 1979 1077 1079 1081
	1082 1083 423 4110 4111 4112 1247 1853 4698 4699
	4702 4703 4704 4705 4780 422 2195 2196 2197 2198
	2199 2201 2203 2204 2208 4523 4524 4525 4526 4527
	4528 4529 4530 4531 4532 4533 4534 4535 4536 4537
	4538 4539 4540 4541 4542 4543 4544 4545 4727 4728
	4729 4730 4731 4732 4733 4734 4735 4736 4737 4738
	4739 4740 4750 4751 4752 4754 4755 4756 4757 4758
	4759 4760 4761 4762 4764 4765 4766 4767 4768 4769
	4770 4154 4155 4156 4157 4159 4160 4161 4162 4763
	1323 1320 1297 1926 1652 1293 1276 1281 1308 4786
	4787 4788 4789 1294 1301 1296 1295 1302 1300 1303
	1298 1304 1305 1313 1311 1310 1309 1312 1314 1319
	1315 1932 1316 1317 1324 1321 1322 1292 1291 1290
	1278 1277 1289 1288 1285 1274 1272 1275 1284 1299
	1282 1280 1279 1270 1271 1269 1975 1266 1473 1929
	1265 1264 1268 1267 1259 1258 1257 1927 1255 1253
	1252 1928 1256 1254 1260 1261 1262 1307 1263 1472
	1471 1287 1286 1478 1477 1475 1476 1283 1474 6154
	6159 113 112 6171 130 6170 4753 1826 136 1828
	6180 137 139 6185 1831 6202 4175 122 6203 4174
	143 6205 6193 6181 6198 6190 123 6188 6179 6183
	6204 6200 6186 6212 6213 6218 6224 6221 6237 6236
	6249 6252 6255 6268 6260 6263 6272 321 6251 6243
	6232 6227 6226 163 6235 320 6233 6223 6211 145
	6214 1773 4701 146 3003 6222 4700 6229 4779 2296
	2297 317 6240 151 6241 6247 6248 6246 6239 4706
	6261 6265 6256 6271 6286 330 6291 6276 285 284
	6273 2447 149 148 164 2984 6177 6158 6160 6132
	6147 6129 6122 6104 2986 6125 6138 127 6107 6103
	6082 6114 6120 6146 6167 6149 6115 6090 6081 6063
	6077 4696 6043 6048 6023 212 213 6024 6014 6003
	6009 333 6019 6049 4559 6041 6069 6099 6088 4560
	5998 5993 1750 221 5986 5973 222 5966 5954 5947
	5956 5971 5989 6051 6040 6012 6056 6152 6253 6258
	6257 6259 325 2299 4313 326 4314 4307 2300 1846
	328 2304 6274 6283 6277 6281 6285 6287 1856 1891
	2750 5902 5907 5908 5886 5889 5876 5873 5871 5885
	5852 5847 5897 5892 5934 5942 5967 5951 5965 5926
	5909 5899 5884 5838 5836 5821 5868 5846 5817 5811
	5820 5809 5746 5748 5733 5722 5714 5703 5690 5696
	5725 5718 5735 5743 5768 5761 5754 5720 5737 5783
	5827 5815 5810 5818 5844 5882 5853 5894 5895 5865
	5839 5831 5822 5850 5859 5867 5870 5845 5801 5840
	5861 5812 5750 5698 5727 5707 5695 5648 5641 5640
	5674 5619 5659 5686 5702 5717 5694 5689 5734 5738
	5716 5723 5697 5751 5742 5819 5795 5777 5758 5778
	5816 5841 5833 5824 5864 5879 5883 5888 5911 5913
	5935 5917 5904 5893 5855 6055 6036 6008 6010 5982
	5985 5978 5959 5936 5939 5901 5903 5898 5955 5983
	6001 6011 5994 5932 5938 5910 5928 5984 6013 6018
	5988 5964 6002 6033 6060 6046 6028 6095 6085 6074
	15 1984 6116 4149 13 4142 14 6124 12 46
	47 6166 4165 1982 1981 6182 6184 25 6208 6201
	43 6228 36 35 6207 28 6197 1930 6206 6217
	5 1250 7 4163 4166 1251 1985 4 3 2
	1 1977 9 6187 6194 10 18 1887 20 4153
	1886 4114 11 6209 27 19 4123 29 1883 1885
	31 1884 4139 4152 4124 32 4140 30 2953 8
	6353 6352 6345 2425 6330 6325 6318 6309 6311 6292
	6295 6297 6284 1777 6269 6267 1776 6264 6245 6230
	315 6216 6137 6016 6096 6118 6130 6145 6161 21
	4145 6191 6172 6153 6175 6127 6092 6084 6075 6039
	6067 6047 6025 6031 6071 5990 5962 1978 5970 5961
	5945 5946 5923 5914 5896 5887 5905 5900 5940 5957
	5999 5941 5930 5906 6007 6045 6059 6017 6250 
}
asia = { 
	364 377 378 379 380 381 382 383 384 385
	386 387 388 389 390 391 392 393 394 395
	396 397 399 403 404 405 406 407 408 409
	410 411 412 413 414 415 416 417 418 419
	420 421 424 426 427 428 429 430 431 432
	433 434 435 436 437 438 439 440 441 442
	443 444 445 446 447 448 449 450 451 452
	453 454 455 456 457 458 459 460 461 465
	469 470 471 472 474 476 477 478 479 480
	1779 1970 1973 2306 2307 2308 2309 2310 2311 2312
	2313 2314 2327 2328 2329 2330 2331 2332 2333 2334
	2335 2336 2337 2338 2339 2340 2343 2344 2345 2346
	2347 2365 2366 2367 4268 4269 4270 4271 4272 4273
	4274 4275 4276 4277 4278 4279 4280 4281 4282 4283
	4285 4288 4289 4290 4291 4292 4293 4294 4295 4296
	4297 4298 4299 4300 4302 4304 4305 2202 2205 2206
	2207 2209 2210 2211 2212 2213 2214 2215 2216 2217
	2218 2219 2220 2221 2222 2223 2224 2225 2226 2227
	2228 2229 2230 2232 2234 2235 2236 2200 2999 4170
	4171 4172 4177 4179 4324 4325 4326 4328 4329 4330
	4331 4332 4333 4334 4335 4336 4337 4338 4339 4340
	4341 4342 4343 4344 4345 503 504 505 506 507
	508 509 510 511 512 513 514 516 518 519
	520 521 522 523 524 525 526 527 528 529
	530 531 532 533 534 535 536 537 538 542
	546 547 548 550 551 553 554 555 556 557
	558 559 560 561 562 563 564 565 566 567
	568 570 571 572 573 576 577 578 1946 1948
	1949 1950 2026 2027 2028 2029 2030 2032 2033 2034
	2037 2038 2039 2040 2041 2042 2043 2044 2045 2046
	2047 2048 2049 2050 2053 2054 2055 2056 2057 2058
	2059 2060 2061 2062 2063 2064 2065 2066 2067 2068
	2069 2070 2071 2072 2073 2074 2075 2076 2077 2078
	2079 2081 2082 2083 2085 2086 2087 2088 2089 2090
	2091 2092 2093 2094 2095 2096 2097 2098 2100 2101
	4408 4411 4412 4413 4415 4418 4420 4421 4422 4423
	4424 4425 4426 4427 4428 4429 4430 4431 4433 4434
	4435 4436 4437 4438 4439 4440 4441 4442 4443 4444
	4445 4446 4447 4448 4449 4450 4451 4452 4453 4456
	4457 4458 4459 4460 4461 4462 4463 4464 4465 4466
	4467 4468 4469 4470 4471 4472 4473 4474 4475 4476
	4477 4478 4479 4480 4481 4482 4483 4484 4485 4486
	4487 4488 4489 4490 4491 4492 4493 4494 4495 4496
	4497 4498 4499 4500 4501 4502 4503 4504 4505 4506
	4507 4508 4509 4510 4511 4512 4513 574 580 581
	582 583 584 585 586 587 588 589 590 591
	592 594 598 600 601 602 603 604 607 608
	609 610 611 612 613 614 615 616 618 619
	620 621 622 623 624 628 629 631 634 645
	646 649 650 651 654 656 657 659 660 661
	1817 1823 2371 2372 2375 2378 2379 2381 2382 2384
	2385 2386 2388 2389 2392 2393 2395 2396 2397 2398
	2399 2400 2401 2403 2673 2674 2675 2676 2677 2679
	2680 2681 2682 2685 2686 2689 2690 2691 2693 2697
	2698 2702 4393 4394 4395 4396 4397 4398 4400 4401
	4402 4403 4404 4405 4406 1099 662 663 664 668
	670 673 674 675 676 677 678 679 680 681
	687 688 689 691 692 694 695 696 697 701
	702 703 704 705 706 707 708 709 710 711
	712 713 714 715 716 717 718 719 720 721
	722 723 724 725 726 727 728 730 731 735
	737 739 740 1784 1785 1786 1787 1788 1816 1829
	1833 1836 2102 2103 2104 2105 2107 2108 2109 2110
	2111 2112 2113 2114 2115 2116 2117 2118 2119 2120
	2121 2122 2123 2124 2125 2126 2127 2128 2129 2130
	2131 2132 2133 2135 2136 2137 2141 2144 2148 2149
	2150 2151 2152 2153 2154 2155 2156 2158 2163 2165
	2166 2167 2168 2169 2170 2173 2174 2175 2176 2178
	2182 2183 2185 2186 2187 2188 2189 2190 2191 2192
	2193 2194 2741 2742 2744 2747 2748 4194 4197 4198
	4199 4200 4201 4202 4203 4205 4206 4207 4208 4209
	4210 4211 4212 4213 4214 4215 4216 4218 4219 4220
	4221 4222 4223 4514 4515 4516 4517 4518 4519 4520
	4521 4522 1015 1018 1020 1023 1024 1025 1026 1027
	1028 1029 1030 1036 1037 1038 1039 1040 1041 1042
	1045 1046 1047 1049 1051 1052 1053 1054 1055 1056
	1057 1058 1059 1060 1061 1062 1063 1064 1065 1066
	1067 1068 1069 1070 1071 1073 1074 1075 1076 1818
	1830 1832 1835 1837 1839 1843 4131 4181 4182 4187
	4188 4189 4190 4191 4192 4359 4360 4651 4229 4231
	4232 4348 1840 1844 1845 1849 1854 1855 1967 1968
	1969 1371 1400 1365 1361 1376 1343 1335 2369 2357
	2354 2360 2355 2368 2364 2356 2363 2350 2349 2370
	2352 2358 2353 2351 2359 1781 1782 1783 2362 2361
	2426 1072 2428 2429 2430 2431 2432 2433 2434 2435
	2436 2437 2438 2439 2442 2443 2445 2446 4652 4653
	4654 4656 4657 4659 4660 4661 4662 4663 4664 4665
	4666 4667 4668 4669 4670 4671 4672 4673 4674 4675
	4676 4677 4678 4679 4680 4681 4682 4683 4684 4685
	4686 4687 4688 4689 4690 4691 4692 4693 4790 4791
	4792 4793 4794 4798 4802 4803 4808 4809 4810 4811
	4812 4813 4815 4816 4817 4818 4819 4820 4821 4822
	4823 4825 4826 4827 4828 4832 4833 4834 4835 4836
	4837 4838 4839 4841 4842 4844 1326 1327 1367 1364
	1366 1369 1370 1394 1393 1395 4358 1396 1437 1392
	1373 1372 1389 1374 1375 4234 4233 1436 1439 1440
	4225 1669 1668 1667 1679 1666 1443 1442 1385 1383
	1381 1382 1384 1441 1387 1388 4226 1980 1377 1378
	1386 1379 4224 1391 1390 1670 1671 1672 1380 1654
	6275 6686 6731 6725 6750 6738 6762 6758 6767 6783
	398 6796 4327 2341 401 6322 4284 402 6316 2342
	6810 6340 6338 2233 575 6350 2231 6846 6354 6852
	6884 2051 6909 6377 4410 4407 2099 4409 6930 6384
	6916 4417 539 6923 6383 4419 543 549 6939 2080
	6943 552 6391 6957 6975 6991 579 7014 6408 7010
	7006 7000 7004 7073 7094 7189 6433 7220 6443 7297
	635 7423 2696 7493 6466 7463 6474 7483 7489 7461
	647 7443 7436 7440 6468 7434 7433 648 7413 6463
	7394 2701 4355 7408 6462 7399 7386 7389 6459 7362
	7347 7342 6454 7317 7296 658 6456 6457 7311 6458
	7333 7319 7353 7393 6461 7426 7439 6471 1012 6475
	4180 1014 7478 1017 7500 4186 7511 1819 7510 6479
	7496 7537 7556 6490 7585 7612 7649 7666 7677 6512
	7693 7670 7687 6519 7715 6522 7753 6537 7806 7859
	6553 7877 6559 7941 6566 7976 6573 8011 6580 6587
	8061 8037 6589 8051 6591 8079 8115 8127 6600 8212
	8223 8199 6611 8207 6613 8226 6617 8205 8222 8257
	6620 8275 8337 6640 8384 8296 7195 7157 6425 6429
	6426 7185 6435 7235 6442 7225 7169 7030 7038 7015
	7011 7013 7025 7041 7017 617 7047 2394 7060 7057
	7058 4831 7069 7072 595 599 4814 596 7066 7085
	7080 597 7089 7086 7088 2377 2380 7098 7110 4829
	7114 606 4824 7128 7133 7105 7152 7149 7160 7159
	7154 7144 2374 7141 2161 7136 7147 7145 7127 2164
	2159 7163 7171 665 7180 7173 7184 7167 7190 7193
	6437 7211 7197 7200 7194 7174 6428 6434 7219 6439
	7218 7226 7231 7230 6441 7221 7241 7257 7256 7264
	6446 7262 7253 7275 7281 7273 7277 7278 7237 7192
	7222 2157 7204 667 666 2162 7199 7170 7150 7124
	7095 2678 7104 7111 630 2687 2688 625 7117 7143
	626 7156 7175 627 7212 7233 632 7260 633 7250
	641 7216 4801 7201 7168 2692 7187 2706 7135 7155
	7140 639 7229 4797 4795 7290 7259 7299 7320 2716
	7313 7329 7348 7369 7406 7385 2695 7357 7338 2717
	7384 7293 7365 2713 7344 7268 643 7316 4796 642
	2715 4845 7249 2714 7246 7247 4799 7254 6445 2712
	2710 7269 7270 7337 6453 644 7377 7416 7390 7391
	7374 6449 7276 7274 7288 7282 7258 6444 7265 7251
	4356 7261 655 7244 7242 7228 7206 7215 7205 637
	4807 636 4805 7179 4804 640 2708 2740 4806 2704
	2705 2707 638 2709 7245 2703 7263 7267 2711 4800
	7301 7305 7308 7284 7232 7248 6447 7312 4352 7366
	653 7355 4353 7379 7339 4349 7321 7307 4350 7444
	7412 7435 7400 7418 7410 7383 7395 7382 7403 7415
	7425 7414 7402 652 7356 4354 7322 7343 4351 6452
	7315 6455 7304 7328 2700 7327 7351 7363 7350 7326
	2699 7287 7266 7223 7172 6427 7158 7131 605 2376
	7077 7052 593 2390 2391 7040 7027 7043 2404 2387
	4830 2383 4840 4843 1022 2373 1016 7113 7121 7107
	7120 7132 2160 7162 7364 7352 1898 4399 1345 1815
	7340 7324 7310 7272 7292 7295 669 7252 7294 7255
	7239 7234 738 7283 6448 7207 7302 1824 7354 7378
	7334 7396 7431 7420 7409 7388 7446 7422 7460 7368
	7373 7387 7330 7323 7341 7331 7300 685 2145 2146
	2147 686 1655 683 682 671 1897 672 2172 2171
	700 2180 699 2184 2134 2000 4204 698 2181 2179
	693 2177 4195 2138 690 7271 1821 1838 1895 7298
	7291 2142 2143 1896 4196 1822 684 7306 2139 2140
	7303 7372 7376 733 7332 4228 4227 2745 736 7371
	2694 6469 7467 7465 6470 7466 7488 7521 6478 7459
	7452 732 7430 7517 7516 7580 6494 6481 7592 6497
	7616 7588 7540 1850 7481 6480 7515 7553 4655 7451
	2743 2106 7462 7622 4193 7659 1031 7643 7661 7567
	729 4217 7735 7676 7640 7554 7620 7733 7667 7744
	7789 7699 4658 7743 7717 7784 7765 7752 7722 7756
	7745 7710 7701 1033 6515 7731 7737 7718 7683 7764
	7777 7793 7703 7656 1852 7728 6524 7774 7811 7804
	7746 7831 7763 1032 7812 7839 6544 6541 7842 7869
	7850 7870 7892 7844 7797 7800 7866 7858 7827 7820
	1044 7924 7876 7902 7959 7981 7935 7915 7916 7912
	7904 7947 7968 8001 7392 1013 4230 734 6465 7449
	7469 7497 7490 7494 7522 7547 7581 7602 7614 6492
	7644 1847 7655 7624 7587 7555 7529 6483 7505 7499
	7484 7445 7454 4183 1825 4184 1019 1021 7530 1820
	4185 7534 6486 7578 7579 7609 7658 7680 7668 1050
	1048 7671 7629 8050 1035 2440 8154 8104 8124 8035
	8120 8060 7954 7822 7872 7755 7849 7720 7759 7723
	7738 7863 7860 7920 6572 7982 7951 7918 6562 6565
	7937 8022 8012 8030 8021 8045 6583 6585 8076 8066
	8067 8059 8135 8231 8215 8326 8288 8229 8182 8128
	8101 8109 8088 6586 8065 7978 6588 8053 7962 7929
	7883 7835 7785 8213 8098 8313 8371 6641 8317 8376
	8309 8362 8252 8322 8276 8238 8233 8270 8262 8247
	8244 8245 6636 8287 8300 8330 8324 8348 8383 6646
	6605 8142 8166 8220 8081 8052 8014 7969 6593 8097
	1034 8080 8084 8138 8150 8185 8162 8116 8188 8206
	6621 8242 8163 6629 8310 8291 8279 7966 7993 6578
	8023 7970 7957 7130 6422 7119 7093 6418 7078 7059
	7062 6414 7050 7044 2683 7032 2684 6412 7023 6409
	7016 7001 6406 7009 6995 6985 6933 6934 6929 6926
	6938 6952 6998 6997 6405 6989 6959 6993 6404 7003
	2402 6945 6386 2084 6388 6407 6385 6928 6380 6921
	6914 6378 6913 6897 6882 6872 6881 6880 6371 6900
	6892 6365 6877 6874 6360 6862 6867 6859 6355 6854
	6849 6840 6837 6826 6812 6820 6339 4286 4287 400
	6817 6808 6334 6807 6798 6329 6787 6757 6774 6742
	6719 6715 6710 6698 6863 2052 4454 515 4455 6879
	517 2036 545 4432 544 569 2035 541 2031 4414
	1947 540 4416 6922 6382 6931 7100 1043 1893 4296
	1894 1976 1892 
}
africa = { 
	334 335 336 337 338 339 340 341 342 343
	344 345 346 347 348 349 350 351 352 353
	354 355 356 357 358 359 360 361 362 363
	365 1751 1793 1794 1795 1882 2315 2316 2317 2318
	2319 2320 2321 2322 2323 2324 2325 2326 2448 2449
	2450 2451 2452 2453 2454 2455 2456 2457 2458 2459
	2460 2461 2462 2463 2464 2465 2466 2467 2468 2469
	2470 2471 2472 2473 2474 2475 4561 4562 4563 4564
	4566 4567 4568 4569 1097 1110 1111 1112 1113 1114
	1115 1116 1117 1118 1120 1121 1122 1123 1124 1125
	1127 1128 1129 1130 1131 1132 1133 1134 1135 1136
	1137 1138 1139 1140 1141 1142 1143 1144 1145 1146
	1147 1148 1149 1150 1151 1152 1153 1154 1155 1156
	1157 1158 1159 1160 1161 1162 1163 1164 1165 1166
	1167 1169 1170 1171 1172 1173 1174 1175 1176 1177
	1178 1182 1183 1184 1185 1186 1187 1188 1189 1190
	1191 1192 1199 1200 1201 1202 1203 1206 1207 1208
	1209 1210 1211 1212 1213 1214 1215 1216 1217 1218
	1219 1220 1221 1222 1223 1224 1225 1226 1227 1228
	1229 1230 1231 1232 1233 1234 1249 1796 1797 1798
	1799 1800 1801 774 789 2237 2238 2239 2240 2241
	2242 2243 2244 2245 2246 2247 2248 2249 2250 2251
	2252 2253 2254 2255 2256 2257 2258 2259 2260 2261
	2262 2263 2264 2265 2266 2267 2268 2269 2270 2271
	2272 2273 2274 2275 2276 2277 2278 2279 2280 2281
	2282 2283 2284 2285 2286 2287 2288 2289 2290 2291
	2292 2293 2294 2295 2756 2757 2758 2759 2760 2761
	2762 2763 2764 2765 2766 2767 2768 2769 2770 2771
	2772 2773 2776 2777 2778 2779 2780 2781 2783 2784
	2785 2787 2789 2791 2792 2793 2797 2798 2799 2800
	2801 2802 2856 2864 2880 2932 1901 2948 2949 798
	1168 2950 2951 2952 2954 1306 4158 4316 4317 4318
	4319 4320 4321 4322 4323 1273 1925 4033 4034 4035
	4036 4037 4038 4039 4040 4041 4042 4043 4044 4045
	4046 4047 4048 4050 4021 4022 1792 4023 4024 4025
	4026 4029 4051 4052 4053 4054 4055 4056 4057 4058
	4059 4060 4061 4062 4063 4064 4065 4066 4067 4068
	4069 4070 4071 4072 4073 4074 4075 4076 4077 4078
	4079 4080 4081 4082 4083 4084 4085 4086 4087 4088
	4089 4090 4091 4092 4093 4094 4095 4096 4097 4098
	4099 4100 4101 4102 4103 4104 4105 4106 4107 4108
	4109 1460 1463 1331 1448 1466 1470 1649 4167 4168
	4169 4781 4782 4783 4784 1469 1468 1467 1465 1464
	1462 1461 1459 1458 1457 1456 1449 1447 1446 4346
	1330 1329 1328 1651 1650 5972 5995 6064 6105 6140
	6131 6163 6144 6169 6173 6189 6199 6219 6234 6244
	6262 5878 5848 5854 5825 5823 5806 5828 5829 366
	5802 5804 5766 4565 5760 5765 5807 5790 5785 5779
	5773 5797 5791 5787 5784 5798 5799 5830 5837 5849
	5874 5890 1119 1126 5916 5929 5960 5980 5991 6027
	6050 6032 6057 6072 6089 6109 6097 6113 6100 6094
	6117 6157 6142 6148 6141 6135 6139 6156 6155 6164
	6165 6168 6174 6195 6192 6210 6020 5997 5969 5974
	5981 6021 6015 6022 6038 6037 6034 6070 6068 6061
	6058 6053 6079 6093 6087 6111 6150 6134 6123 6128
	6133 6101 6108 6065 1648 6220 6225 1179 833 6238
	1180 6242 1181 6652 6254 6659 6270 6656 6266 6278
	6660 6282 6666 6658 6280 6664 6279 6663 6288 788
	1195 4049 6294 1198 6290 1196 1197 6679 6289 6293
	1204 6296 2796 2774 2794 2775 6301 1205 2782 6310
	2795 6723 6314 6730 6734 2024 6739 6319 6747 6756
	6321 6768 6317 6752 2788 2786 6736 6717 6307 2790
	6711 6657 6665 6661 6672 6673 6685 6682 6304 6215
	6231 6648 6647 6651 6650 6653 6649 6655 6654 6667
	6662 6681 6298 6691 6300 6299 6692 6700 6303 6305
	6677 6671 6668 6678 6680 6674 6697 1193 4030 4027
	4032 4028 6696 4031 6703 6676 6690 6670 6669 1194
	6706 6699 6688 6724 6712 6693 4020 6684 6675 
}
north_america = { 
	1105 483 485 489 491 494 500 501 1881 835
	836 837 838 839 840 841 842 843 844 845
	846 847 848 849 850 851 852 853 854 855
	856 857 858 859 860 861 862 863 864 865
	869 870 871 872 873 875 876 877 878 879
	880 881 882 883 884 885 886 887 888 889
	890 891 892 894 895 896 897 898 899 900
	901 902 903 904 905 906 907 908 909 910
	911 912 913 914 915 916 917 918 919 920
	921 923 924 925 926 927 929 930 931 932
	933 934 935 936 937 938 939 940 941 942
	943 944 945 946 947 948 949 950 951 952
	953 954 955 956 957 958 959 960 961 962
	963 964 965 966 968 969 971 973 974 975
	976 977 978 979 982 983 984 985 986 987
	988 989 990 991 992 993 994 996 997 1001
	1002 1008 1809 1813 1814 2003 2004 2005 2007 2008
	2009 2010 2011 2012 2014 2016 2017 2018 2019 2021
	2022 2023 2476 2477 2479 2480 2481 2482 2484 2487
	2488 2489 2491 2492 2493 2494 2495 2496 2497 2498
	2499 2500 2501 2503 2505 2507 2508 2509 2510 2511
	2512 2513 2514 2515 2517 2518 2519 2520 2521 2522
	2523 2524 2525 2526 2527 2528 2529 2530 2531 2532
	2533 2534 2536 2537 2538 2539 2540 2541 2542 2543
	2544 2545 2546 2548 2549 2550 2551 2552 2553 2554
	2555 2556 2557 2558 2560 2562 2569 2572 2575 2576
	2580 2581 2583 2585 2586 2587 2588 2593 2597 2598
	2600 2601 2602 2603 2604 2605 2607 2608 2609 2612
	2614 2615 2616 2617 2618 2619 2620 2621 2622 2623
	2624 2625 2626 2627 2628 2629 2630 2632 2633 2634
	2635 2636 2637 2638 2639 2640 2642 2643 2644 2645
	2646 2647 2648 2649 2650 2651 2652 2653 2655 2656
	2657 2660 2661 2662 2663 2664 2665 2666 2667 2669
	2670 2671 2672 4570 4571 4572 4573 4574 4575 4576
	4577 4578 4579 4580 4581 4582 4583 4584 4586 4587
	4588 4589 4590 4591 4592 4593 4594 4595 4598 4619
	4623 4624 4625 4627 4628 4629 4630 4631 4632 4633
	4634 4637 4638 4639 4640 4641 4642 4643 4644 4645
	4646 4647 4648 4649 4650 4606 1551 1507 1516 1500
	1486 4872 4874 4875 4876 4877 4878 4879 4880 4881
	4882 4883 4884 4885 4886 4887 4888 4889 4890 4891
	4892 4893 4894 4895 4897 4898 4899 4900 4901 4902
	4903 4904 4905 4906 4907 4908 4909 4910 4911 4912
	4913 4914 4915 4916 4918 4920 4921 4922 4923 4924
	4925 4926 4927 4928 4929 4930 4931 4932 4933 1522
	1520 1521 1523 1519 1517 1515 1514 1518 1549 1548
	1550 1510 1509 1508 1511 1506 1512 1513 1505 1503
	1525 1524 1526 1504 1502 1501 1492 1494 1491 1490
	1495 1493 1496 1924 1481 1610 1480 1482 1483 1484
	1485 1488 1487 1489 1662 1663 1661 1660 1659 1678
	1677 1445 1680 1681 1682 1561 1560 1559 1558 1557
	1556 1555 1554 1552 1553 1499 5093 5091 5069 5075
	4597 5066 5062 5074 5078 5084 5094 5098 5120 5131
	5121 5127 5153 5160 5175 5163 5168 5172 5189 5182
	5177 5197 5188 5186 5152 5150 5141 5144 5140 5139
	2658 5154 5167 492 493 5184 5193 495 496 497
	498 499 490 4620 4618 5116 5114 5105 5057 5059
	5073 5039 5050 5055 5048 5052 5044 5043 5035 5038
	5033 5037 5047 5054 5067 5065 5080 5081 5097 5089
	5088 487 5107 5100 486 2654 5123 488 5138 5128
	5126 5117 5110 5164 4621 2659 5145 5159 5158 5137
	5122 5103 482 5118 5102 5095 5072 5086 5036 5015
	5022 5021 5020 5011 5005 5013 4585 2631 5016 5003
	5007 5001 2668 5002 5004 5010 5006 2641 5012 5019
	5017 2516 893 5026 5028 5030 922 5045 5049 5042
	928 5060 4626 2535 1658 5056 5032 5029 5025 5023
	5034 5051 484 4622 5058 5064 5099 5104 1657 5083
	5106 5111 5109 2547 5124 5119 5130 5136 5147 5132
	5161 5165 5173 5181 2561 967 2568 5180 5198 5196
	5215 5221 5232 5243 5244 5254 5263 5267 5266 5270
	5259 5260 5251 5238 5237 980 5226 2573 5217 981
	5176 2578 5194 5240 5252 5248 5202 5230 5195 5218
	5210 5222 5231 5241 5246 5233 5225 5199 5220 5171
	5229 5187 2574 1922 2490 2020 4917 2006 2504 2506
	2502 2596 1011 1665 1010 4919 1009 2594 1811 1912
	1913 1916 1812 2599 1915 1914 1921 2595 1006 5018
	5014 5027 5031 5040 1004 5063 5061 1000 1003 2589
	2590 2015 1664 1007 2591 2579 995 5155 2582 2567
	4896 2570 2566 5169 5157 2013 970 2564 4871 2563
	2584 2559 1903 4873 2565 2571 2577 1908 1907 1906
	5162 1807 5166 5183 5178 5203 5422 5115 1917 1918
	1920 1919 1911 1806 1005 2592 5053 5085 999 1910
	1805 1905 1904 998 1909 5041 4997 4996 4992 8809
	4987 4979 4977 4968 4964 4961 4945 8398 8397 8445
	8436 8441 8396 4944 4943 4949 8488 8505 8478 8534
	8555 8564 8586 4954 4958 4956 8562 8532 4960 4950
	4942 4951 1810 4955 4957 4963 2611 2606 2610 4980
	972 874 2485 2486 2483 1808 4636 2478 4940 4635
	868 4941 867 5543 5516 5509 5481 1804 1104 5480
	5549 5566 5533 5584 5610 5618 5616 5645 5661 5715
	5113 5096 8430 8489 4947 4946 4953 8525 8575 8603
	8620 4962 8633 8643 8659 4952 4966 4965 8671 8677
	8689 4967 8698 8708 4969 4971 8720 4970 4972 8741
	8734 2613 4974 8754 8750 4973 8759 8765 8769 4978
	8773 8776 8780 8779 4981 4983 8782 8781 8787 4984
	8789 4985 4986 8790 8794 8796 4948 8801 4988 4989
	8808 8804 8815 4991 8818 866 4993 8823 4994 4995
	8827 8832 8833 8836 4998 8841 4999 5000 8853 8866
	8872 5008 5009 5024 8889 8897 8905 5046 8914 8921
	8929 5079 5090 2819 8942 8983 8975 8974 8972 8971
	8970 4975 8981 8982 8980 8969 4982 
}
south_america = { 
	741 742 743 744 745 746 747 748 749 750
	751 752 754 758 759 763 764 765 766 768
	769 772 773 775 776 777 778 779 780 781
	783 784 785 786 787 790 791 792 793 794
	795 796 797 799 800 801 802 803 804 805
	806 807 808 809 810 811 812 813 814 815
	816 817 818 819 820 821 822 823 824 825
	826 827 828 829 830 831 832 834 1802 1803
	1531 1544 2803 2804 2805 2806 2807 2808 2809 2810
	2811 2812 2813 2814 2815 2816 2817 2818 2820 2821
	2822 2823 2824 2825 2826 2827 2828 2829 2830 2831
	2832 2833 2834 2835 2836 2837 2838 2839 2840 2841
	2842 2843 2844 2845 2846 2847 2848 2849 2850 2851
	2852 2853 2854 2855 2857 2858 2859 2860 2861 2862
	2863 2865 2866 2867 2868 2869 2870 2871 2872 2873
	2874 2875 2876 2877 2878 2879 2881 2882 2883 2884
	2885 2886 2887 2888 2889 2890 2891 2892 2893 2894
	2895 2896 2897 2898 2899 2900 2901 2902 2903 2904
	2905 2906 2907 2908 2909 2910 2911 2913 2914 2915
	2916 2917 2918 2919 2920 2922 2923 2924 2925 2926
	2927 2928 2929 2930 2931 2933 2934 2935 2936 2937
	2938 2939 2940 2941 2942 2943 2944 2945 2946 2947
	502 4599 4600 4601 4602 4603 4604 4605 4607 4608
	4609 4610 4611 4612 4613 4614 4615 4616 4617 1543
	1542 1541 1540 1539 1595 1538 1537 1536 1535 1534
	1533 1532 1530 1529 1528 1527 1545 1546 1547 5205
	5208 5192 5204 5200 5224 5212 5223 5236 5249 5250
	5258 5253 5268 5271 5272 5277 5288 5285 753 755
	5290 2921 2912 5287 756 5281 757 760 5279 5283
	5284 5276 5286 5291 761 762 5269 5274 5275 5234
	5261 5256 5262 5255 5245 5235 5242 5214 5227 5207
	5185 5201 5206 5420 5430 5219 5211 5418 5209 5174
	5170 5190 5179 1095 5213 5216 5239 5247 5265 5264
	5257 5273 5191 782 5156 5135 5077 4596 5151 5092
	8945 5101 5087 8941 5076 8934 8931 5068 8927 5071
	8928 5070 8930 8933 5082 8968 8967 8966 8965 5143
	8959 5129 8952 5125 8951 8953 5133 8954 5134 8957
	4990 5142 8955 8958 5146 8960 8961 5149 8962 8964
	4959 5148 8963 5108 5112 8956 8949 8946 8943 8984
	8973 1656 
}
oceania = { 
	1086 1087 1088 1089 1091 1092 1093 1094 4846 4848
	4849 4850 4851 4852 4853 4854 4855 4856 4857 4859
	4860 4861 4862 4863 4864 4865 4866 4867 4870 1108
	4939 1996 2718 2720 2723 2724 2726 2728 2733 2734
	2736 2738 1412 1084 1413 1417 1418 1419 1420 1408
	1356 1355 1354 1353 1352 1351 1350 1348 1635 1416
	1422 1415 1421 1414 1427 1424 1425 1428 1423 1426
	1431 1429 1411 1407 1410 1406 1432 1430 1433 1409
	1405 1404 1434 1676 1698 1734 1675 1673 1674 1691
	1403 1401 1357 1358 1360 1359 1399 1402 1398 1368
	1363 1362 4357 1435 1438 1397 7480 7504 7539 2725
	6440 7209 7186 6431 6438 6436 7188 6421 7112 7125
	6420 7096 7087 6419 7115 7142 7151 7214 7202 7191
	7178 7227 7196 7243 7285 7289 7325 7318 7279 7358
	7370 7401 7407 7417 7380 7345 7441 7450 7442 7468
	2728 2729 7513 7536 7570 7564 7595 7615 7642 7633
	7586 7608 7566 7583 7597 7653 2722 2730 4847 1790
	2727 7286 6451 7367 7404 7437 7477 7524 7571 7607
	2735 7672 6509 4869 7697 6535 6527 4868 4858 6543
	1090 7838 6548 7875 1092 7882 7874 7867 7939 7964
	7940 7960 7986 8118 6615 8210 8217 6625 8068 8356
	6643 8357 8392 8379 8391 8386 6645 8374 8373 8339
	6638 8351 8341 8325 2739 8278 6627 8311 1106 8263
	8284 8260 8293 6631 6634 1107 8269 8225 6614 8165
	8117 8078 8071 8039 8015 8018 7990 7989 8009 8028
	7988 7999 8048 8074 8102 8103 8137 8136 8179 8204
	8209 8235 8243 8264 8236 8211 8184 8187 8198 8232
	8274 8320 6637 8318 8315 1242 4937 8346 8360 8393
	8381 8367 8342 8321 8355 8299 8268 8240 8216 8277
	8333 8344 8364 8352 8372 8394 8390 8370 8389 7116
	7123 6424 7137 7164 6423 7134 7161 6430 7182 6432
	7176 7198 7208 7203 7236 7213 7238 7217 7240 7509
	8334 6639 8329 8359 8335 8301 8294 8273 8239 8230
	8196 8180 8159 6599 8139 1994 8161 8133 8149 8089
	8160 8130 8085 8038 8054 8005 7942 7851 6525 7766
	7724 6518 7739 7691 6508 7625 6498 7600 7690 7790
	7748 6533 7783 7788 1237 7736 7730 2721 6520 7689
	7729 7709 7669 7773 6528 7770 7781 7810 2732 1791
	7758 6534 6517 2731 7749 6529 7813 7803 7782 7798
	7840 7814 7837 7885 6550 7895 7903 7928 7909 7886
	7897 7862 7847 6549 7846 6536 7834 6554 7845 7901
	7934 7932 7946 7950 6569 7919 7985 6571 7963 7996
	8006 8025 8047 8026 8019 8027 8003 7967 7972 6575
	7998 8010 7977 7953 6567 7949 7890 6568 8056 8049
	8070 8069 8093 8086 8057 8024 8077 8087 8092 1986
	8108 8073 8100 8126 8122 8134 8144 8167 8140 8164
	8143 8192 8214 6610 8237 6616 8280 8283 8298 8306
	8255 8327 8319 4938 8361 8385 8369 8388 8382 8366
	8368 8343 8354 8378 8297 8332 8246 8314 8336 8200
	8186 6607 8175 8099 8146 8181 8170 8171 6598 8110
	8155 8083 6579 6577 8046 8017 6574 1238 8041 7995
	7984 7965 7938 6564 7917 7933 7948 7894 7893 6546
	7819 7833 6552 6538 7853 8008 8062 8096 8058 8106
	8123 8125 6596 8151 8141 8090 8036 8153 8174 8191
	8250 8219 8261 8302 6628 8307 8308 8331 8353 8363
	1990 8380 8377 8349 8350 8290 8271 8292 6635 8251
	8289 6626 8266 6619 8183 8208 6618 8169 7994 8094
	8145 6608 8227 1993 6612 8203 8256 8193 8234 6609
	6602 8157 8189 8195 8107 8147 6604 6597 8176 8055
	8121 8044 8033 8202 8173 8178 8129 8201 8221 8254
	8281 6624 8253 8285 8323 8340 8267 8338 8248 8358
	7936 7896 7958 7922 7879 7889 6545 7861 7841 6531
	7778 7713 7760 7762 2719 7807 7808 6540 6521 7705
	7726 7696 7747 7688 6510 7660 6502 7678 7771 7787
	7776 7740 7711 7734 7611 7716 7802 7795 7843 7856
	7878 7871 7906 7884 6560 7944 7927 7983 6561 7908
	7855 7829 7873 6556 7852 7880 7900 7905 7971 6576
	7991 8002 8040 8034 6582 6581 6570 8072 6595 8112
	7930 6547 7925 7865 7887 7818 7836 7825 7801 7421
	7361 7335 7336 7346 7360 7349 7375 7419 7397 7427
	7453 7471 7474 7498 7520 7546 7574 7575 7544 7405
	7398 7381 7411 7432 7424 7428 6464 7447 7448 7479
	7455 6472 7473 7456 7495 7502 6477 1245 7476 7464
	7519 6484 7558 7543 1789 7533 7538 7518 7501 7508
	7491 6473 7458 7523 7526 7512 7541 7560 7563 7562
	7548 7626 7657 7637 7662 7663 6503 7674 7675 7685
	6513 7704 7698 6514 7681 6504 6505 6495 7632 7621
	7606 7551 7532 7527 7568 7561 7584 7589 7593 7604
	7617 6499 7635 7634 7627 7603 7630 7647 7618 7596
	7610 7686 6506 7695 7714 7725 7708 7757 7754 7824
	7830 6539 7796 7750 7817 7707 7719 7767 7457 7487
	7486 7569 6493 7492 7594 7550 7559 6482 7535 7525
	7528 7507 7506 7470 7542 6489 7557 7572 7576 7545
	6488 7531 7475 7482 6476 7514 6485 7552 7565 6491
	7591 6500 7628 7631 7682 7721 1995 7742 7780 6530
	7768 7823 7826 7809 7775 6526 7772 7786 6532 7761
	7794 6542 7805 7779 7751 7727 6507 7692 7684 7665
	6501 7664 1235 7646 7652 7702 6516 6511 7712 7694
	7651 7679 7645 7639 7636 7654 7673 7613 7648 7641
	7590 7598 7582 7601 7573 7577 7605 7650 7700 7741
	6523 7769 7816 7828 1236 6551 7832 7881 6555 7913
	6563 7923 7931 7997 8064 6594 8105 8148 1992 6603
	8190 8194 8224 6623 8259 1991 6630 8305 8241 8218
	8152 8082 6584 8063 8016 7979 8007 7987 8020 7943
	7961 7980 8013 8042 6592 8091 8131 6590 8132 8156
	8172 1239 8197 8265 8282 6622 8303 7907 7910 7888
	7854 7821 7799 7815 7791 7792 7857 7864 7848 7868
	7898 7911 7914 7926 7952 7956 7955 7921 7945 7899
	7973 7992 8000 8029 8043 8031 7974 8032 8095 8075
	8113 8114 8119 8111 8158 6606 1246 8168 6601 1109
	8249 8258 8228 8286 6632 8304 8328 8295 8316 6633
	8312 2737 6644 8347 8345 6642 8272 8375 8387 8365
	8177 8004 7975 6557 6558 7891 7177 7183 7224 7280
	7309 7314 7359 6460 7429 7438 7485 6467 7472 7503
	7549 6487 7619 7599 7623 7638 7706 7732 1085 7166
	6496 8979 
}
island_check_provinces = { 
	852 1084 
}
new_world = { 
}
Pacific = { 
	1723 1726 1728 1733 1732 1735 1692 1697 1714 1699
	1690 1689 1688 1687 1693 1694 1683 1685 1686 1684
	1695 1696 1715 1716 1740 1736 1711 1707 1701 1708
	1738 1725 1739 1737 1712 1713 1741 1710 1709 1704
	1727 1721 1729 1720 1731 1719 1730 1718 1717 1706
	1705 4936 4935 1703 1702 1700 8499 8402 8426 5305
	5301 8424 8404 8434 1997 5303 8479 8498 5311 8506
	5312 8491 5317 8515 8550 8543 5322 8545 8570 5336
	5335 8582 8599 5341 8605 8577 5326 8490 8463 8403
	8423 5342 5347 8618 8604 5345 8614 8624 8629 5348
	8635 5349 8628 5350 8649 1240 5351 8641 8658 5352
	8661 8660 8639 4934 8648 8588 8636 8657 8690 8679
	8719 8738 8777 8797 8786 8821 8814 8826 8837 8858
	8856 8839 8883 8878 8902 8800 8795 8785 8761 8712
	8760 8492 8400 8521 8608 8623 8401 8399 8535 8613
	8594 8644 8676 8687 8663 8707 8666 8711 8626 8675
	8696 8731 8697 8744 8753 8718 8764 8775 8803 
}
atlantic = { 
	1568 1582 1573 1569 1565 1497 1498 1479 1563 1567
	1580 1583 1572 1575 1574 1571 1570 1566 1578 1581
	1576 1577 1579 1564 6450 5595 5621 5639 5623 5563
	5553 5671 1096 5699 5701 5719 5732 5767 5753 5741
	5730 5769 5747 5759 5770 5764 5612 5555 5541 5529
	5535 5506 5494 5485 5470 5468 5486 5511 5515 5519
	5497 5503 5490 5499 5495 5491 5493 5457 5505 5488
	5502 5496 5500 5512 5471 5518 5520 5510 5524 5565
	5709 5683 5762 5776 5757 5755 5739 5789 5803 5781
	368 5800 5792 5843 5877 5772 5851 5858 5706 5687
	5649 5682 5693 5672 5675 5658 5653 5642 367 5634
	5646 5630 5614 5626 5600 5573 5580 5579 5514 5552
	5544 5532 5523 5540 5526 5550 5613 5577 5601 5625
	5652 5657 5655 5667 5711 5681 5744 5749 5782 5793
	5813 5835 5771 5842 5863 5872 5860 5891 5912 5880
	5924 5948 5834 5447 5442 5454 5427 5435 5431 5424
	5440 5423 5419 5417 5421 5438 5453 5403 5401 5396
	5410 5400 5397 5393 5388 5390 5387 5386 5385 5501
	5483 5482 5460 5467 5455 5445 5443 5432 5441 5456
	5469 5484 5513 5538 5567 5578 5608 5597 5627 5632
	5650 5617 5603 5539 5574 5575 5551 5508 5587 5602
	5633 5624 5643 5684 5712 5713 5731 5736 5775 5786
	5814 5826 5796 5745 5752 5721 5708 5724 5700 5669
	5660 5678 5628 5629 5604 5570 5620 5622 5644 5663
	5656 5677 5691 5705 5729 5662 5638 5670 5651 5636
	5517 5463 5479 5459 5473 5472 5461 5458 5452 5414
	5426 5444 5416 5408 5407 481 5411 5399 5404 5406
	5409 5412 5405 5395 5389 5391 5392 5394 5398 5402
	5415 5413 5434 5446 5462 5474 5492 5680 5582 5654
	5676 5668 5869 5664 5685 5673 5704 5688 5605 5527
	5562 5560 5611 5589 5606 5592 5530 5507 5465 5476
}
satlantic = { 
	1592 1590 1589 1588 1594 1587 1593 1606 1608 1604
	1605 1609 1603 1602 1601 1600 1585 1586 1599 1591
	1598 1596 1584 1597 1607 5679 5583 5581 5289 5280
	2025 5228 5545 5559 5525 5528 5278 5521 5448 5498
	5475 5451 5437 5433 5429 5425 5428 5436 5450 5439
	5449 5477 5464 5478 5489 5522 5531 5568 5556 5548
	5537 5487 5546 5536 5598 5596 5586 5571 5576 5594
	5558 5588 5615 5591 5534 5631 5504 5466 5547 5593
	5607 5282 5599 5635 5666 5710 5805 5788 5922 5976
	6035 6110 6083 6176 6196 6178 6162 6151 6066 6143
	6119 6136 6106 6091 6076 6042 6030 5952 5987 5977
	5979 6000 5925 5931 5921 5953 5866 5763 5862 5919
	5933 5927 5937 1098 5949 5950 5958 5996 6029 6026
	6006 6054 6052 6080 6102 6121 6044 6126 6112 5992
	5943 5875 5780 5756 5726 5665 6098 6078 6004 6073
	6086 6062 6005 5944 5968 5920 5857 5915 5963 5609
	5542 5585 5647 5590 5561 5557 5569 5554 5564 5572
	5637 5692 5728 5794 5856 5881 5832 5808 5774 5918
	5740 5975 
}
southindian = { 
	1625 1626 1627 1629 1628 1630 1636 1631 1637 1632
	1633 1638 1639 1640 1634 
}
northindian = { 
	1454 1455 1647 1646 1645 1643 1644 1641 1642 1624
	1623 1621 1620 1617 1450 1453 1618 1616 1451 1615
	1452 1333 1334 4347 1332 1336 1338 1337 1619 1622
	1614 1612 1611 1341 1342 1346 1613 1349 1347 1344
	1340 1339 
}
Indian = { 
	6788 6776 6780 6320 6714 6763 6744 6755 6709 6308
	6704 6302 6694 6722 6721 6729 6306 6702 6708 6701
	6713 6707 6313 6726 6749 6748 6732 6312 6769 6737
	6765 6766 6728 6315 6727 6753 6718 6328 6778 6791
	6784 6775 1103 6786 6800 6799 6789 6761 6804 6822
	6347 6829 6816 6835 6838 6865 6856 6361 6868 6853
	6847 6851 6841 6358 6833 6805 6811 6815 6825 6809
	6341 6802 6806 6779 6792 1102 6741 6759 6751 6764
	6743 6716 6733 6735 6687 6695 6683 6689 6705 6740
	6720 6746 6754 6773 6772 6785 6832 6848 6839 6878
	6368 6886 1248 6885 6375 6905 6910 6935 6996 7007
	6944 7048 7075 7092 7099 7101 1998 7108 7122 7106
	7153 7165 7146 7109 7139 7083 7067 7045 7079 7084
	7129 7076 7055 7071 7074 7063 7070 7090 7102 7118
	7126 7148 7181 7210 7082 7081 7068 6417 7064 6416
	7051 7056 7039 7046 6413 7061 7065 7091 6411 7026
	7024 7037 6410 7021 7034 7018 7005 6976 7008 7012
	6988 6403 6999 6987 6994 6992 6402 6982 6978 6956
	6960 6974 6979 6399 6392 6966 6980 6396 6967 6968
	6962 6953 6946 6917 6954 6965 6971 6393 6961 6951
	6948 6912 6950 6925 6940 6947 6949 6955 6390 6389
	6395 6969 6977 6972 6970 6973 6401 6983 6964 6394
	6400 6981 6990 6984 6398 6986 6397 6918 7020 7019
	7036 7022 6963 7042 7054 7033 7097 7103 6941 6932
	6958 6942 6927 6920 6381 6924 6919 6915 6870 6937
	6387 6936 6379 6889 6906 6894 6895 6873 6364 6770
	6771 6781 6782 6777 6323 6760 6327 6793 1100 6324
	6795 6797 6801 6794 6332 6828 6344 6337 6351 6842
	6855 6850 6876 6369 6367 6887 6888 6366 6370 6899
	6898 6376 6372 6893 6890 6907 6904 6373 6891 6908
	6374 6363 6864 6875 6903 6896 6901 1101 6902 6911
	6845 6831 6349 6821 6342 6814 6819 6824 6346 6844
	6871 6860 6357 6857 6356 6836 6359 6861 6331 6335
	6745 6326 6790 6333 6803 6336 6818 6343 6813 6827
	6348 6823 6830 6843 6866 6362 6869 6834 6858 6883
	1999 7031 7029 7035 7002 7028 7049 6415 7053 7138
	8978 
}
southpacific = { 
	8405 8568 8578 8615 8642 8920 8919 5384 8916 8911
	8906 5383 8899 8891 5382 8895 8887 8884 8875 8868
	8860 8864 5380 8862 8849 5378 8842 8844 8840 8822
	8793 8778 8771 8726 8714 8752 8766 8792 8806 8831
	8838 8843 8851 5379 8855 8861 8865 8847 8854 8869
	8873 5381 8879 8886 8876 8890 8885 8882 8894 2002
	8896 8900 8909 8903 8917 8923 8925 8939 8936 8913
	8904 8918 8907 8888 8857 8830 8802 8791 8774 8737
	8743 8722 8693 8654 8637 8621 8591 8495 8458 8406
	8407 8474 8455 8471 8440 8472 8452 8443 8437 8431
	5298 5297 8408 8409 8410 8411 8484 8502 8460 8467
	8493 5310 8509 8513 8481 8459 8482 8524 8508 8497
	8526 8536 8551 5319 8565 8557 8546 8544 1241 8533
	5321 8500 8439 8454 1243 5324 8556 5323 8540 8549
	8542 8539 5325 8558 8553 8563 5304 8514 8538 5300
	8438 8432 5299 8412 8413 8414 8428 5302 8477 8475
	8461 8504 8453 8468 8494 8518 5313 8529 8520 8567
	5330 8573 8580 8583 5331 5338 8581 8602 8598 5333
	5337 8571 8587 8592 8561 8560 5328 8554 8596 8584
	8572 8566 5329 8547 5316 1989 8485 8470 8507 8511
	8523 8503 8486 8466 5306 8487 8510 5296 8448 8465
	8435 8415 8416 8433 8429 8417 8447 8516 5308 8473
	8464 8446 8527 8528 8512 8480 5314 8552 8530 8501
	8548 8537 5320 8576 8601 5343 8611 8597 8585 8600
	5340 5334 8625 8627 8619 8609 8595 8645 8631 8622
	5344 8616 8632 8630 8617 8606 5346 8634 8638 8655
	8656 8640 8650 8664 8669 5353 8668 8662 8651 8670
	8688 5359 8705 5360 1244 8678 8665 5355 8673 8683
	8691 8674 5354 8672 8667 5357 8682 5356 8653 8700
	5362 8699 1987 8685 5358 8681 8695 8706 8715 8721
	5365 8702 8717 8727 8710 5364 8730 8736 8735 8742
	8746 5370 8748 5372 8725 8713 8729 5368 8728 8745
	5371 8758 8755 8749 8751 8763 5374 8767 8770 5373
	8756 8762 8768 8740 5366 8732 5369 5367 8739 8733
	8724 8716 8709 8757 8772 8784 8798 8799 8829 8788
	8805 5375 8813 8817 8824 5376 8807 5377 8819 8816
	1988 8810 8825 8846 8835 8863 8880 8912 8924 8910
	8922 8938 8926 8948 8947 8932 8901 8892 8867 8874
	8859 8852 8834 8898 8893 8915 8881 8944 8937 8950
	8935 8908 8940 8871 8870 8845 8828 8848 8820 8812
	8811 8783 8747 8680 8703 8686 8646 8647 8652 8610
	8590 8612 8607 8450 8442 8449 8419 5294 8457 5295
	8418 8425 8427 8483 8451 8462 8421 5293 8420 8422
	5307 8444 8469 8476 8456 8522 8517 8541 8496 5315
	5318 8531 5309 8519 8559 8579 5327 8569 8589 5332
	5339 8593 8574 8704 5361 8694 5363 8701 8723 8692
	8684 8877 8850 
}
